83
WP_386610575.1_MULTISPECIES_ 0.0000000 3.9284757 0.3470264 3.5568606 2.6582114 0.2614114 0.2747528 0.2814028 2.8893840 2.9925731 4.0531168 2.7489946 3.5475231 4.3075763 0.3351111 3.4301701 3.6839449 0.2963209 3.5763058 3.7843122 4.6980548 3.9329381 0.2983259 4.5108823 3.8709997 2.5485002 4.3247112 3.3866997 3.9104299 3.0797485 0.2942650 3.3222370 3.4577019 4.0398948 3.2192863 3.1794885 0.2561802 0.2856593 0.4601660 2.5146406 0.2493854 3.4555326 3.6907175 4.0588719 3.9640156 0.3983605 3.3264504 5.2385930 4.3273299 3.4812289 4.1049440 3.9735591 3.2280586 3.0987805 3.3394430 3.3394430 3.7788919 3.4900890 3.2176194 4.1889019 3.5926709 4.1340870 3.9584021 3.0346446 4.1231489 2.9577771 3.1243390 2.8873360 4.7591120 4.3830689 3.3734679 4.0046105 2.8654908 3.1974580 3.3642041 3.0143688 3.4168574 3.1622654 3.3387566 3.5289324 3.3360986 3.5524617 3.1672769 
WP_307811722.1_lasso         3.9284757 0.0000000 3.5792070 0.9689568 2.8398809 3.7620452 3.3216163 3.6885634 3.7137432 1.5517811 5.5906571 4.1397338 5.4560839 4.4164584 3.4622246 3.3147502 3.3519202 3.4655793 4.3244655 4.6327245 4.1965297 0.6751511 3.7558931 4.5852802 5.4178666 5.2148475 5.1695671 3.8832593 5.2234389 1.8126262 3.2487094 3.8391548 0.5367695 3.9447893 3.1297213 1.7255524 3.6945197 4.1378457 3.8329164 5.0069595 3.6164197 4.0429079 3.6485210 5.0742088 0.7920060 4.1573049 1.6657843 4.5171128 4.5149094 3.5649248 5.4426560 8.9999983 1.5731230 4.8093372 4.5630738 4.5630738 3.9966917 3.6296328 4.5650217 4.9295821 3.9286312 4.3004345 6.4653651 2.8570366 7.1463914 6.1236444 3.4037922 2.6058068 7.0361195 7.2392634 5.4414288 4.3981436 4.6728072 4.1850938 3.9029860 4.2212726 4.5901307 5.7643148 3.8350225 4.3258311 3.5680019 3.4695007 3.9235607 
WP_366763509.1_lasso         0.3470264 3.5792070 0.0000000 3.8423555 2.7885027 0.1327008 0.3396871 0.3439259 3.3030470 3.0624741 4.0744587 2.8001445 3.9304524 3.8049895 0.4003513 3.3987534 3.5325153 0.4091767 3.6580219 3.6422855 4.1576811 4.4947213 0.3984329 4.2853102 4.5522070 2.3759302 4.0157432 3.5999968 3.8827923 3.3832803 0.3679286 3.2718712 3.4924597 3.4773854 3.2553751 3.3403918 0.4163253 0.2496629 0.4383506 2.4923481 0.3544862 2.9425064 3.5681229 3.5770877 3.6212133 0.4433287 3.1599235 4.6829598 4.2861252 3.5235947 4.1582624 4.0942422 3.2353156 3.1703026 3.2608039 3.2608039 3.5362843 3.5006541 3.3399841 3.5205800 3.6023563 4.3485210 4.3295625 2.9324728 4.3359300 3.0170356 3.2269419 3.1598241 4.6857772 4.0842519 3.3577974 3.9671952 2.7980477 3.0984861 3.1499075 3.0250697 3.7651579 3.2050080 3.3799167 3.2698482 3.6030505 3.5511288 3.3807506 
WP_385647064.1_lasso         3.5568606 0.9689568 3.8423555 0.0000000 2.8554965 3.8308460 3.5339847 3.4511957 3.3428508 1.4960512 4.7278545 3.7783662 4.9452204 4.2413626 3.4937633 3.6159921 3.1265233 3.7130348 4.7204422 4.2718595 4.8953796 1.0640915 3.4896447 4.3786590 4.3897685 3.8881878 5.1542590 3.6158527 4.3141463 1.4368461 3.7118063 5.1489541 0.9547184 3.3179882 3.2410677 1.9161303 3.5762859 3.8751337 3.9930942 4.8176296 3.7497525 3.8177835 3.9710023 5.5510875 1.2131641 3.8873226 1.7352128 4.3326281 5.8598240 4.0123295 4.2020766 6.8365769 1.7165586 4.9249526 6.0721538 6.0721538 4.2772144 4.7824771 4.4831025 4.7408959 4.1643417 4.8121557 5.6511356 3.2713124 4.8334915 6.2869842 3.2904208 3.3431925 6.1863592 4.9775670 6.1068255 5.6113731 4.3587341 3.8188175 4.3231178 4.7030755 4.7300900 4.8433707 4.0443834 4.6132995 3.8551591 4.5263348 4.5252609 
WP_398814270.1_lasso         2.6582114 2.8398809 2.7885027 2.8554965 0.0000000 2.8557388 2.7761636 2.6494805 2.8357311 3.9322689 3.3648754 3.3221206 3.0291914 3.5611634 2.5218088 3.3299234 3.4882263 2.8181415 3.3878000 3.1667239 3.3052004 3.0471342 2.7061733 4.3689456 3.4617130 3.9568185 3.3088934 3.6481505 3.1385207 2.9180757 2.5744499 2.7707618 2.9337222 3.2361723 3.8221926 3.1617379 2.6338728 2.8080704 2.7238296 3.7156134 2.8360087 1.4404466 3.3008653 4.0489071 2.9534107 3.0364765 3.5512018 3.0723675 4.4735500 3.5032015 3.5756443 3.8916618 3.2934874 3.0959874 3.3653442 3.3653442 3.0998189 3.1991058 3.2646313 3.6377687 2.9752417 4.3437919 3.7106357 0.6530768 3.6855507 3.2565406 1.8036354 1.3301656 4.6584817 4.1806241 3.0417291 3.6210018 2.8665684 2.6610159 3.4201165 2.9579092 3.0279858 3.0847402 2.8026386 3.5180619 4.1722964 3.8473258 2.7737687 
WP_365701833.1_lasso         0.2614114 3.7620452 0.1327008 3.8308460 2.8557388 0.0000000 0.3141481 0.3192187 3.0481757 2.8368010 3.8191712 2.6991191 3.6211393 3.7574960 0.3769848 3.0949269 3.2997210 0.3394403 3.6261715 3.7083328 4.4712933 4.3328498 0.3176415 4.2337509 4.4634588 2.4520671 4.2331722 3.3778956 3.7500538 3.2163557 0.3334736 3.2979402 3.5585811 3.3998316 3.2219789 2.8012859 0.3488679 0.2323179 0.3959937 2.4243226 0.2470701 2.8902409 3.4062448 3.5349878 3.6267325 0.3981981 2.8675300 4.9653658 4.2239899 3.4002604 4.1063922 4.1081515 3.1348853 2.8879250 3.2225498 3.2225498 3.6121534 3.3560140 3.3356532 3.5708407 3.4399470 4.2427647 3.9519510 2.6773571 4.2241775 3.0864380 3.1609831 2.9996499 4.5079919 4.0158650 3.4140917 3.7205611 2.7362170 3.1890526 3.2477640 2.9756288 3.5531834 2.9796930 3.1396049 3.3167967 3.2407215 3.4812245 3.2393083 
WP_345047231.1_MULTISPECIES_ 0.2747528 3.3216163 0.3396871 3.5339847 2.7761636 0.3141481 0.0000000 0.3019227 2.9605033 3.0221614 3.9542630 2.7619981 3.8136481 3.8427859 0.3339124 3.3159866 3.4609498 0.2876723 3.8768915 3.6999344 4.2009471 3.9347398 0.3838337 4.2646813 4.2098094 2.5148421 4.0163717 3.2205710 3.5717435 2.9265974 0.3338354 3.2413436 3.2103439 3.7380505 3.3384638 2.9669190 0.2845527 0.3362005 0.4685354 2.4781474 0.2593823 3.1875517 3.2820569 3.8481695 3.3403069 0.3958908 2.9089968 4.9276821 3.9636534 3.3813234 4.0996128 3.7793902 3.0441999 3.3172819 3.3006606 3.3006606 3.9793192 3.6872498 3.2142649 3.8937096 3.4873229 4.1763871 3.7344362 2.7020714 3.8917927 3.0865889 3.1716187 2.6398413 4.1785015 3.9517900 3.2692386 3.8561824 2.8257028 3.2111525 3.5377659 2.9042289 3.6350471 3.1733422 3.5887425 3.2864808 3.1482946 3.3896546 3.2008450 
WP_385523754.1_lasso         0.2814028 3.6885634 0.3439259 3.4511957 2.6494805 0.3192187 0.3019227 0.0000000 3.1612885 2.9319154 4.6010363 3.0925578 3.7437219 4.6140073 0.3649762 3.6098162 3.6640943 0.3156039 3.7219956 3.6544261 4.7415274 3.8512434 0.3828904 4.9076983 4.0978632 2.4407680 4.3202022 3.7422460 3.9162461 3.1379214 0.3436095 3.5734466 3.3002321 4.2035778 3.4747614 2.9931884 0.3344410 0.3406440 0.5044622 2.5064342 0.2968395 3.0285889 3.7976211 4.5035303 3.7157188 0.4600843 2.7164004 5.4352535 4.7673155 3.4244548 4.6876499 3.7795206 3.0189023 3.0358971 3.0413138 3.0413138 3.8955904 3.4049340 3.2339137 4.1605087 3.4454783 4.2909874 4.0615083 2.4800643 4.3669880 3.1088916 3.0355837 2.9415554 4.5191725 4.0378943 3.3692143 3.8128432 2.9650552 3.0388949 3.2419293 3.1599882 3.6952513 2.9844927 3.1602837 3.4432582 3.2203445 3.8120676 3.2021167 
WP_409964710.1_lasso         2.8893840 3.7137432 3.3030470 3.3428508 2.8357311 3.0481757 2.9605033 3.1612885 0.0000000 3.1889855 2.7565654 2.4672303 3.0309786 3.5307671 3.0061803 2.4913426 2.8047895 2.8624987 2.4373568 2.7395004 3.3268805 4.3907483 3.1547505 3.6943015 3.5952743 2.7314717 2.7968800 3.4397901 2.8891508 3.0981185 3.1622933 3.1096301 3.1763079 2.2553447 2.4238620 3.1383619 2.8659268 3.2574332 3.1645913 2.6500527 2.8299662 3.8208866 2.6614194 3.2238939 3.5294100 3.4014695 3.2470649 2.5263786 4.0213355 2.4121690 2.7486989 4.0886680 3.2238859 2.7473685 2.6671668 2.6671668 2.6012108 2.3475420 2.5719002 2.7756426 2.4508345 2.9118057 2.7127196 3.3265903 2.7332260 2.9057045 2.8065230 2.6458998 2.8667329 2.9166604 2.9265032 3.1734903 3.3128090 3.0097901 2.6666523 2.1492129 2.3881637 2.5305255 2.6906296 2.5112947 2.5325604 2.7547611 2.1224775 
WP_382075118.1_lasso         2.9925731 1.5517811 3.0624741 1.4960512 3.9322689 2.8368010 3.0221614 2.9319154 3.1889855 0.0000000 4.7535956 3.7101269 5.4609201 4.0859448 3.0963868 3.9477485 3.3756910 2.9084801 3.6984783 3.4932175 4.8898393 1.8132943 2.9074456 3.4195650 4.2344089 3.5589703 3.1010394 4.0640472 3.5520801 0.6794798 3.1849879 4.9025266 1.3571932 2.9269221 3.9333635 2.1254204 2.9222503 2.9965414 3.5399093 5.7545273 3.1071407 4.4914401 2.8848025 3.9585532 1.5642639 3.0038639 0.6533751 4.2207986 4.3938236 2.9676251 4.3134133 7.8462479 0.6704602 3.3309338 3.5670174 3.5670174 2.8260826 3.0838135 3.3673359 4.8523262 3.2007606 3.7713326 5.6021906 3.4491792 6.3465389 4.2862368 2.8127333 3.2935164 4.7227256 4.2116600 3.7596599 3.5953833 3.2788162 3.8027315 2.8447946 2.3538357 3.3206738 3.3681134 2.8647016 4.1835131 2.8947620 2.8871964 3.2441762 
WP_030263374.1_lasso         4.0531168 5.5906571 4.0744587 4.7278545 3.3648754 3.8191712 3.9542630 4.6010363 2.7565654 4.7535956 0.0000000 3.4556834 3.4390947 1.5146031 4.0377563 4.3401968 4.7116308 4.1632686 3.3953810 3.6645194 3.6972018 5.8055483 4.2552858 1.2310106 2.1894609 3.6969478 3.7363090 3.3416300 3.1329197 4.4908204 3.9051854 3.3159624 4.6959147 3.5511974 4.7008774 4.4347387 4.2899810 4.1385937 4.0279319 2.7860548 4.6058817 3.6065692 3.0766674 0.7364637 4.4994661 3.8548456 4.4825519 4.0142127 3.1911688 3.1797514 0.2753635 3.8636828 4.6241131 3.2549086 4.4537050 4.4537050 3.6206943 3.5085001 3.1684343 3.1929163 3.1330751 4.0044759 3.4299682 4.2664141 2.7649340 2.5681486 3.2336557 3.6659969 3.1760365 3.3785817 3.4140398 4.6965214 3.5129141 3.8093175 3.5511787 3.3343590 2.4801036 4.2632269 4.0365432 3.8221558 3.2824682 3.3193650 3.2098772 
TAK34832.1_MAG_              2.7489946 4.1397338 2.8001445 3.7783662 3.3221206 2.6991191 2.7619981 3.0925578 2.4672303 3.7101269 3.4556834 0.0000000 3.7043116 3.3870462 2.7154985 2.5261326 2.5097126 2.7871676 3.3357230 2.9566720 3.6725994 3.9687205 2.6742724 3.1611096 3.9384393 3.3134948 4.1984083 2.7713811 3.4751049 3.4590632 2.7363578 3.0186641 3.2709879 3.5992298 3.5387901 3.1270388 2.8656186 2.7988872 3.3115439 2.0620333 2.8840686 3.5005116 3.1084784 2.3200017 3.8574464 2.9618363 3.1781534 4.1396533 3.8235738 2.8349300 2.8987212 3.2180648 3.2184547 3.7146444 2.5146447 2.5146447 2.7404746 2.8012482 3.4716193 2.8289331 2.8296914 3.7868894 3.2386616 4.0080796 3.3720356 2.3628129 3.0365520 3.1940019 3.1327523 2.8214672 3.3567243 2.8821065 3.1128294 2.8636700 2.8091518 3.5268244 2.7005822 2.8511334 3.3098576 3.1220834 3.0012011 2.9446681 2.9529883 
WP_346436981.1_lasso         3.5475231 5.4560839 3.9304524 4.9452204 3.0291914 3.6211393 3.8136481 3.7437219 3.0309786 5.4609201 3.4390947 3.7043116 0.0000000 4.6609786 3.4455158 3.9715951 3.8931636 3.4317242 3.5257761 3.4752033 3.7910532 4.9915542 3.6736330 5.1191920 3.6508851 4.2992685 3.2856787 4.2492956 5.0165074 3.8481849 3.8323775 4.3690025 5.6119212 3.4933741 5.6223842 4.2093070 3.7043469 3.5409960 3.4080042 3.6574117 3.6163805 3.3674551 4.7638397 4.0033967 4.6503957 3.4694115 3.4337210 2.7976493 4.7826406 3.6649506 3.9405444 2.3896584 3.9653731 2.6829373 3.6969602 3.6969602 3.3654714 2.8122285 2.4701707 2.7400256 3.4272438 3.8079003 1.9813984 2.7867068 1.4166183 3.4258992 3.2157426 3.2348496 1.8607062 1.8091742 2.8559339 4.0878729 3.3641993 3.4500787 3.5030665 3.1094935 3.1757761 3.1241481 3.5701305 1.8663201 3.5883769 3.2323612 2.9711437 
GAB2579048.1_hypothetical    4.3075763 4.4164584 3.8049895 4.2413626 3.5611634 3.7574960 3.8427859 4.6140073 3.5307671 4.0859448 1.5146031 3.3870462 4.6609786 0.0000000 3.7685989 3.7739231 4.3158560 3.8551887 4.2324970 4.5387497 4.3394114 4.7394499 3.8183948 0.8662631 2.1088850 3.0831436 4.8979005 3.7309389 4.2822646 3.8639498 3.9168994 2.9159375 3.7409267 3.8361371 5.1513006 3.2910813 4.4166531 4.1180412 3.9581566 2.7267767 4.5377891 3.9668035 3.4511908 1.6022952 4.2365008 3.4432191 4.9511955 4.8346766 2.4004327 3.3928084 1.6271766 4.6208210 4.4541081 3.2469852 3.8356680 3.8356680 3.9168647 3.7520288 4.1099893 3.7584841 3.4957679 4.6594608 4.5324121 4.0931552 4.0890344 3.3141996 3.5530765 3.6396403 4.6012532 3.8647222 4.1340759 5.0117723 3.8900061 4.2592390 3.3612203 3.4378250 3.2618439 4.7465042 4.4764433 4.3565640 4.3672318 4.9473660 3.8738327 
WP_362194568.1_lasso         0.3351111 3.4622246 0.4003513 3.4937633 2.5218088 0.3769848 0.3339124 0.3649762 3.0061803 3.0963868 4.0377563 2.7154985 3.4455158 3.7685989 0.0000000 3.2789357 3.5676980 0.3621517 3.6467156 3.7004039 4.5568973 3.8524883 0.3852809 4.1989884 3.7353018 2.4449628 3.9918136 3.3600626 3.8660901 3.0182264 0.4358859 3.3028101 3.2822855 3.6888270 3.2683824 2.9262717 0.4031111 0.3551283 0.5558267 2.4910930 0.3255610 2.9596064 3.2943864 3.7359599 3.5971938 0.4798245 3.1680074 5.2631974 4.0223934 3.4904693 4.2290413 3.6720913 3.1387991 2.9984010 3.2263627 3.2263627 3.8329795 3.5145827 3.1631907 3.8399103 3.6216441 4.0693883 3.8296715 2.7120335 3.8508321 3.0827862 2.9342112 2.9832659 4.3749615 4.2364372 3.2421096 3.9110477 2.7416236 2.9376049 3.0961720 3.1493885 3.4261197 3.0745220 3.4206263 3.0693882 3.4268770 3.5457815 3.3454730 
TGQ65560.1_lasso             3.4301701 3.3147502 3.3987534 3.6159921 3.3299234 3.0949269 3.3159866 3.6098162 2.4913426 3.9477485 4.3401968 2.5261326 3.9715951 3.7739231 3.2789357 0.0000000 0.2904923 3.4660119 3.1084406 4.2910391 3.7827498 3.9758875 3.5935362 4.0172769 4.4695056 2.9030115 4.4338063 1.7656859 4.7230435 2.8300847 3.2667014 3.5791980 2.9162198 2.0845646 2.3541338 2.9799598 3.4485103 3.4256760 3.5727804 2.2788309 3.2762628 3.4114539 2.3491724 3.9697234 3.1823901 3.6862422 3.5702560 3.1790544 4.4830972 3.7550464 4.1718480 4.6728082 3.5268723 3.8670355 3.1897024 3.1897024 3.7511605 3.9056549 3.9919359 3.5276303 3.2057953 4.3098619 3.4318721 3.6860602 4.4685575 4.2766944 3.1891830 3.6654475 4.1968254 4.4632941 3.8380609 3.2834690 3.8178580 3.3333559 3.1224849 3.4411396 3.9487385 3.8478479 3.4378146 3.5108789 3.6015356 3.3077744 3.1210938 
WP_352568223.1_lasso         3.6839449 3.3519202 3.5325153 3.1265233 3.4882263 3.2997210 3.4609498 3.6640943 2.8047895 3.3756910 4.7116308 2.5097126 3.8931636 4.3158560 3.5676980 0.2904923 0.0000000 3.7943128 3.3144223 3.7775144 4.0961655 3.8084332 3.8641556 4.6715305 4.6383655 2.5198039 4.5764712 1.7956978 4.9889827 2.5541656 3.6235849 3.7631198 3.1924373 2.1445186 2.3109239 2.9512991 3.5531307 3.5908420 3.6835981 2.2513655 3.6242791 3.5092001 2.2470032 4.2235741 3.0775757 3.6658837 2.9034519 3.5222564 5.0303805 3.6270251 4.5314541 5.0227499 2.8804473 3.7618631 2.9390404 2.9390404 3.6986998 3.9025941 3.6946653 3.4783878 2.9734948 4.4920422 3.3345503 3.8263814 4.0450359 3.9247381 3.0758102 3.8114855 3.9443053 4.2436471 3.7036277 2.5725309 3.3787279 3.3542815 3.1103979 3.2397555 3.7873039 3.6421311 3.1847416 3.3998256 3.2330631 3.2764389 3.0570882 
WP_279337378.1_MULTISPECIES_ 0.2963209 3.4655793 0.4091767 3.7130348 2.8181415 0.3394403 0.2876723 0.3156039 2.8624987 2.9084801 4.1632686 2.7871676 3.4317242 3.8551887 0.3621517 3.4660119 3.7943128 0.0000000 3.6801113 3.7618433 4.2979000 3.9301987 0.3085027 4.3229993 4.0261829 2.4174012 4.3083365 3.5804947 3.5661063 3.0866882 0.3665819 3.2910000 3.4900154 3.8637136 3.2409578 2.9876865 0.2647807 0.3357483 0.4848809 2.3533528 0.2860825 3.0184439 3.4903091 3.7727386 3.6566082 0.4299876 2.9836103 4.9571676 4.0107532 3.3815050 4.3450617 4.0317452 3.0580389 3.1452498 3.1761182 3.1761182 4.0269328 3.3699384 3.5126233 4.0399532 3.5230968 4.1012578 3.8992964 2.7818894 4.2847536 2.9800494 2.7950920 2.7504072 4.3661439 4.2438797 3.3707811 4.0840595 2.9159435 3.3628890 3.3693341 3.1373705 3.7596102 3.3207460 3.5322743 3.3127078 3.5397213 3.4571024 3.1372828 
WP_119034836.1_lasso         3.5763058 4.3244655 3.6580219 4.7204422 3.3878000 3.6261715 3.8768915 3.7219956 2.4373568 3.6984783 3.3953810 3.3357230 3.5257761 4.2324970 3.6467156 3.1084406 3.3144223 3.6801113 0.0000000 2.6253898 3.6798914 4.9904988 3.8169927 3.7501450 4.1099177 3.2804300 2.9026239 3.8468846 2.9684367 3.1116318 3.8716798 2.6697850 3.7973072 2.9774004 4.1999462 4.2837126 3.9212771 3.7572890 3.8731492 3.6518624 3.6451363 2.7321316 3.5396831 3.8190233 3.7956880 4.1475945 3.0882572 2.6906155 3.4665408 2.4486783 4.1897215 3.6011286 3.8690205 2.9907729 2.4341865 2.4341865 2.3356754 2.3474786 2.6124018 3.6438100 2.5487003 3.0283995 3.5108741 3.3232141 2.2713303 2.2719039 2.8361605 3.3422241 3.4294849 3.5686123 3.3519723 2.4912651 2.6526535 2.6292287 2.5007374 1.5092464 2.0836735 2.1596107 2.4412941 3.5804048 2.2389238 2.4767027 2.7829924 
WP_304777585.1_lasso         3.7843122 4.6327245 3.6422855 4.2718595 3.1667239 3.7083328 3.6999344 3.6544261 2.7395004 3.4932175 3.6645194 2.9566720 3.4752033 4.5387497 3.7004039 4.2910391 3.7775144 3.7618433 2.6253898 0.0000000 2.0166774 4.2912363 3.4912399 3.9285364 4.4217579 3.0652730 1.6025166 4.0304915 4.6091896 2.9276098 4.0238004 3.5107450 4.2735475 2.9724094 4.4184893 4.0502466 4.0037238 3.8170118 3.5325184 3.6923090 3.8581629 3.1871258 4.1229266 3.7914007 3.9789134 3.8701680 3.4785332 2.4011563 3.7282818 1.5692844 4.0435334 3.7056559 3.4504716 2.4104905 2.6562753 2.6562753 2.3417773 1.5007379 3.4766239 3.5104696 2.0223567 1.6972740 3.8412267 3.4682885 2.9799215 2.3491091 3.2005300 3.0196259 3.0770300 3.1931654 3.9698841 3.0406938 2.2026815 1.7087089 2.8780510 2.5308891 2.6090283 2.8012140 2.7621255 4.0352321 2.2013385 2.8619141 1.4177149 
WP_158682180.1_lasso         4.6980548 4.1965297 4.1576811 4.8953796 3.3052004 4.4712933 4.2009471 4.7415274 3.3268805 4.8898393 3.6972018 3.6725994 3.7910532 4.3394114 4.5568973 3.7827498 4.0961655 4.2979000 3.6798914 2.0166774 0.0000000 4.4267061 4.5980606 3.3167967 4.8566531 3.5719672 2.1867902 4.6758746 4.7305036 3.3945351 4.4495585 5.1526862 4.0715996 3.1110190 4.4004797 4.5955249 4.5630524 4.2090183 4.7767980 4.5273761 4.7152897 2.9816338 4.6639265 3.8023898 3.8204250 4.7033357 4.0127234 1.5129822 4.7003637 2.1116123 3.7683305 3.7189887 3.9329274 3.3768197 3.1069950 3.1069950 3.0429148 1.9568057 3.1803909 3.1619802 2.8825430 2.7982803 2.9620719 3.5055825 3.4028074 2.9075361 3.5994907 3.6865803 3.5422721 3.3738976 3.5713752 3.7922021 2.9789133 2.8488143 3.3596525 2.8738988 2.8896342 3.0413535 3.2379702 3.7936385 2.8047796 3.1800788 2.5521025 
WP_018539564.1_MULTISPECIES_ 3.9329381 0.6751511 4.4947213 1.0640915 3.0471342 4.3328498 3.9347398 3.8512434 4.3907483 1.8132943 5.8055483 3.9687205 4.9915542 4.7394499 3.8524883 3.9758875 3.8084332 3.9301987 4.9904988 4.2912363 4.4267061 0.0000000 3.6892098 4.6735632 4.5999241 4.6541157 5.6583443 3.9379551 4.4902544 1.8498891 3.5743786 5.9597983 0.7672953 3.6724133 3.0411940 1.6768890 4.0057498 4.4432480 4.2960823 4.2448128 4.0816711 4.0023711 4.0313714 6.1070423 1.0349856 4.1364736 1.6233647 4.4756774 4.9944344 3.3989242 5.5039404 7.3518211 1.7008529 5.0809711 5.4720588 5.4720588 4.8374640 3.5366765 3.8836644 4.2138331 4.0503623 4.2491920 4.9764090 3.3889246 5.5450874 5.5483909 3.2326239 2.9342537 8.6706015 7.1461754 4.7286831 5.5069374 4.6806436 3.8512319 4.4561093 4.7118409 4.0330031 4.2640653 4.1204974 5.0479677 4.6359160 3.9787926 3.8542225 
WP_373910049.1_MULTISPECIES_ 0.2983259 3.7558931 0.3984329 3.4896447 2.7061733 0.3176415 0.3838337 0.3828904 3.1547505 2.9074456 4.2552858 2.6742724 3.6736330 3.8183948 0.3852809 3.5935362 3.8641556 0.3085027 3.8169927 3.4912399 4.5980606 3.6892098 0.0000000 4.6511296 3.8320715 2.7432008 4.2921219 3.7589535 4.0400993 2.8352780 0.2468275 3.6425886 3.4243832 3.6130119 3.1220472 2.6671636 0.3379773 0.3516477 0.3624192 2.4332716 0.3475016 3.0661046 3.6435993 3.7421865 3.6839988 0.3294935 2.7987459 5.6142860 4.2822271 3.2158774 4.3981833 3.9013640 2.9524438 3.1254442 3.3253173 3.3253173 4.0523980 3.4843009 3.2876273 3.8827312 3.8647083 4.1848003 4.1065391 3.0621945 4.3017628 3.1027531 2.9131879 3.2055929 4.3115084 4.3336174 3.2756651 3.9073562 2.7473688 2.8718258 3.2991812 3.1538966 3.5972815 3.0917705 3.3646153 3.3711443 3.4878101 3.7168395 3.2204336 
WP_176185813.1_lasso         4.5108823 4.5852802 4.2853102 4.3786590 4.3689456 4.2337509 4.2646813 4.9076983 3.6943015 3.4195650 1.2310106 3.1611096 5.1191920 0.8662631 4.1989884 4.0172769 4.6715305 4.3229993 3.7501450 3.9285364 3.3167967 4.6735632 4.6511296 0.0000000 2.2266265 3.8799508 4.3088046 3.4355926 4.1246273 3.4619555 4.2931312 2.9515651 3.6867802 3.8380508 5.1285927 3.3646355 4.7012398 4.5283173 4.9105144 3.1720460 4.4385473 5.1879100 3.1745030 1.2378010 4.0780790 4.2734088 4.7184902 3.7738692 2.4482488 3.0324805 1.3941157 4.4409451 4.2584733 3.6269257 3.7250082 3.7250082 3.6245638 3.6639291 4.4503962 4.1811903 3.6181376 4.0999771 4.3438096 5.0548010 4.5700825 3.1456993 3.8950309 4.0287730 3.8325821 3.9473868 4.4578182 5.2951447 4.0681669 3.9215718 3.1837961 3.4265929 2.9424456 3.7065502 4.3147828 4.9922559 3.8440885 3.7533080 3.7382360 
WP_158884788.1_lasso         3.8709997 5.4178666 4.5522070 4.3897685 3.4617130 4.4634588 4.2098094 4.0978632 3.5952743 4.2344089 2.1894609 3.9384393 3.6508851 2.1088850 3.7353018 4.4695056 4.6383655 4.0261829 4.1099177 4.4217579 4.8566531 4.5999241 3.8320715 2.2266265 0.0000000 4.0056321 4.7296543 2.8703286 3.8601792 4.1954986 3.8320960 3.4675286 4.6066338 3.7860795 3.5230911 3.0375067 4.1804458 4.2483638 4.4808199 4.7116949 4.1968662 3.5945396 2.9590940 2.5983669 5.2621156 4.1852507 4.4363521 4.6623201 1.9708080 3.6551633 2.2530899 5.1649683 5.1094511 3.8749266 4.6326826 4.6326826 4.4325651 4.0370432 4.4845698 4.5782244 3.8773753 6.2057634 3.8511757 3.8258030 2.7280726 4.0189352 3.5471185 4.4827851 5.1021467 3.7228221 4.7572386 4.8624799 4.2468771 4.8845285 4.1869251 3.6605274 3.5081628 4.3467633 5.3328674 4.7625093 3.5232960 4.8792976 4.9215738 
WP_415008294.1_lasso         2.5485002 5.2148475 2.3759302 3.8881878 3.9568185 2.4520671 2.5148421 2.4407680 2.7314717 3.5589703 3.6969478 3.3134948 4.2992685 3.0831436 2.4449628 2.9030115 2.5198039 2.4174012 3.2804300 3.0652730 3.5719672 4.6541157 2.7432008 3.8799508 4.0056321 0.0000000 4.0739545 4.0169694 3.0383063 3.3886322 2.7905945 4.2336500 4.7646353 2.7489845 3.9089876 3.0567458 2.7441382 2.5295208 2.5286998 3.4471627 2.5318805 3.1046511 3.6092722 3.7527393 4.4581711 2.8863384 3.2734585 3.4059379 3.9644488 2.5326087 4.0442530 4.3060172 3.3409577 2.9125437 3.0865074 3.0865074 3.3503642 2.7743579 3.1864137 3.6586067 2.9670187 3.9836139 3.4603757 3.5624925 3.2797814 2.5285972 2.7539535 2.9347136 4.7875540 4.5471289 3.6819998 2.9055490 3.4297936 3.2315804 3.6928067 2.8609137 3.0636927 2.7470616 3.3200537 3.0750469 2.8720155 3.2257613 3.0673343 
WP_343793685.1_lasso         4.3247112 5.1695671 4.0157432 5.1542590 3.3088934 4.2331722 4.0163717 4.3202022 2.7968800 3.1010394 3.7363090 4.1984083 3.2856787 4.8979005 3.9918136 4.4338063 4.5764712 4.3083365 2.9026239 1.6025166 2.1867902 5.6583443 4.2921219 4.3088046 4.7296543 4.0739545 0.0000000 4.3669832 4.4816036 2.7174166 4.5545296 4.3439526 4.9882475 3.2518419 5.1073814 4.2178181 4.2724269 4.4473023 3.8582951 4.0982726 4.5857595 3.1613337 4.6379552 3.7502482 4.4215141 4.4392469 3.1828504 2.3060436 4.3354508 1.6588016 4.2988701 3.5671404 2.9638492 2.7217458 2.9692583 2.9692583 2.9622315 1.9880139 3.3103199 3.5604111 2.7180385 1.7484950 3.4310759 3.1572781 2.8644262 2.6522392 3.3785545 3.5024207 3.4989752 3.4935614 3.5611243 3.8007344 2.4774989 2.2879398 3.0190763 2.2639737 2.8998884 3.0226048 2.7579305 3.6726478 2.6714076 3.1952621 1.7940246 
CBH23196.1_Hypothetical      3.3866997 3.8832593 3.5999968 3.6158527 3.6481505 3.3778956 3.2205710 3.7422460 3.4397901 4.0640472 3.3416300 2.7713811 4.2492956 3.7309389 3.3600626 1.7656859 1.7956978 3.5804947 3.8468846 4.0304915 4.6758746 3.9379551 3.7589535 3.4355926 2.8703286 4.0169694 4.3669832 0.0000000 3.4204573 3.7766065 3.5357791 3.7956411 3.1633706 2.3174384 3.1444431 3.2809928 3.7222376 3.5885501 3.7227258 2.3992983 3.4809256 3.2421374 3.9361702 3.6337294 4.6106219 3.8681920 3.9517922 4.6879927 3.4486247 3.7607533 3.5549284 4.3528778 3.7037488 3.8542936 3.0931546 3.0931546 3.7426431 3.4796729 4.0646772 4.4793370 3.7872317 4.2507455 3.7376951 3.5183611 3.5848333 3.7009974 3.7196587 3.2967277 4.0891926 3.7585488 4.3782678 4.0492836 3.9224108 3.8159312 3.5763970 3.5006293 3.3888650 3.4849201 3.9793673 3.8993388 3.1852754 3.7511422 3.4103584 
WP_393284627.1_lasso         3.9104299 5.2234389 3.8827923 4.3141463 3.1385207 3.7500538 3.5717435 3.9162461 2.8891508 3.5520801 3.1329197 3.4751049 5.0165074 4.2822646 3.8660901 4.7230435 4.9889827 3.5661063 2.9684367 4.6091896 4.7305036 4.4902544 4.0400993 4.1246273 3.8601792 3.0383063 4.4816036 3.4204573 0.0000000 3.6067283 3.7841971 4.4596880 4.6930294 3.8306422 4.0633647 4.2552107 3.2873933 4.0134355 4.0765375 3.4764879 3.4871694 3.0191043 3.7618060 3.2314060 4.2524262 3.7137898 3.9269218 4.1693104 4.0665979 3.9269797 3.4999455 4.1057757 3.7806696 3.6464987 4.0424633 4.0424633 3.2190761 3.6115958 2.8698481 3.4367291 4.1647703 3.9488130 3.5630262 3.4507030 3.5541824 3.5497731 3.7147133 3.8198155 3.8514436 3.2325705 2.6289058 3.3755783 3.8659777 3.9520014 3.2294929 3.0170563 2.7473368 2.9015562 3.0856465 4.0718080 3.4705842 3.9632165 3.9213301 
WP_365782506.1_MULTISPECIES_ 3.0797485 1.8126262 3.3832803 1.4368461 2.9180757 3.2163557 2.9265974 3.1379214 3.0981185 0.6794798 4.4908204 3.4590632 3.8481849 3.8639498 3.0182264 2.8300847 2.5541656 3.0866882 3.1116318 2.9276098 3.3945351 1.8498891 2.8352780 3.4619555 4.1954986 3.3886322 2.7174166 3.7766065 3.6067283 0.0000000 3.0429545 5.4237529 1.4427698 2.9825356 3.6271149 1.9816612 2.9732485 3.0442970 3.1398986 3.8762055 3.3785127 3.6499212 3.2837047 3.6473009 1.7158133 3.1682396 0.6054244 3.3219914 4.3301979 2.2734270 4.5216373 4.6825547 0.5664745 2.8727658 3.0900924 3.0900924 3.1783951 2.9747018 2.8204993 3.6781959 2.7404256 3.3969674 3.9946029 2.6097941 4.0421209 2.9683614 2.4709633 2.8079525 4.4478219 3.8462347 3.3920193 3.6375526 2.7338790 2.6280547 3.0463876 3.0523318 3.0300050 3.5928329 2.2340062 3.1897494 2.6222012 3.0584682 3.0119627 
WP_360082042.1_lasso         0.2942650 3.2487094 0.3679286 3.7118063 2.5744499 0.3334736 0.3338354 0.3436095 3.1622933 3.1849879 3.9051854 2.7363578 3.8323775 3.9168994 0.4358859 3.2667014 3.6235849 0.3665819 3.8716798 4.0238004 4.4495585 3.5743786 0.2468275 4.2931312 3.8320960 2.7905945 4.5545296 3.5357791 3.7841971 3.0429545 0.0000000 3.4823471 3.0661206 3.7573288 3.0833739 2.8135085 0.3526785 0.3459188 0.3393396 2.4929264 0.3106597 3.1632884 3.4966865 3.8434162 3.6658044 0.3309751 3.1373682 5.0710894 4.4469693 3.5315977 4.1681064 3.8205519 3.1001218 3.3801946 3.2433502 3.2433502 4.1464704 3.7476531 3.4187414 3.9414867 3.6566048 4.3051142 4.2625051 2.8608454 4.3646698 3.3359277 2.8968696 3.0934816 4.7419997 4.6200242 3.2610891 3.8090149 2.8970141 3.2472274 3.5842398 3.4320020 3.6383181 3.3066351 3.5338340 3.5684128 3.5744299 3.7244423 3.2379850 
WP_081649888.1_MULTISPECIES_ 3.3222370 3.8391548 3.2718712 5.1489541 2.7707618 3.2979402 3.2413436 3.5734466 3.1096301 4.9025266 3.3159624 3.0186641 4.3690025 2.9159375 3.3028101 3.5791980 3.7631198 3.2910000 2.6697850 3.5107450 5.1526862 5.9597983 3.6425886 2.9515651 3.4675286 4.2336500 4.3439526 3.7956411 4.4596880 5.4237529 3.4823471 0.0000000 4.3635428 3.5615871 3.7681766 4.1875163 3.3418164 3.2364036 3.6354541 3.3794690 3.1973842 3.0800428 2.6725577 3.1955322 4.3756168 3.6858698 5.0942754 4.4117349 4.0139534 3.9969137 3.6257649 4.9831499 7.5881159 3.5117603 2.7640910 2.7640910 3.5448184 3.8944062 4.6032051 4.4615086 3.6405647 4.9535490 3.6830109 2.7539611 4.1361201 2.9436487 4.1932721 3.0496508 4.0368980 4.3002834 3.3356042 3.7738128 3.2668277 3.7335612 3.8714528 2.8639865 3.2368401 3.4629201 3.4587880 3.5930221 2.8131777 3.6989550 3.8150239 
WP_275311841.1_lasso         3.4577019 0.5367695 3.4924597 0.9547184 2.9337222 3.5585811 3.2103439 3.3002321 3.1763079 1.3571932 4.6959147 3.2709879 5.6119212 3.7409267 3.2822855 2.9162198 3.1924373 3.4900154 3.7973072 4.2735475 4.0715996 0.7672953 3.4243832 3.6867802 4.6066338 4.7646353 4.9882475 3.1633706 4.6930294 1.4427698 3.0661206 4.3635428 0.0000000 3.4692136 3.1957339 1.6332013 3.4561472 3.8733268 3.6708144 4.6058207 3.4331578 3.9343999 3.6007885 4.3981036 0.8122849 3.6345267 1.3999883 4.2130614 4.4082741 3.2209347 4.5010228 6.5388919 1.3962415 4.1384729 4.0130732 4.0130732 3.4739865 3.2904387 3.6791097 3.8058334 3.7718706 3.6768690 5.3703774 2.7321409 6.3985939 4.1107617 3.2834494 2.4674400 5.8320504 5.2593349 4.1103077 4.0629151 5.1357353 4.3822499 3.0081820 3.8258201 3.2785606 4.0984265 3.5478867 4.1288237 3.4805727 3.8143932 3.5353845 
BCM90923.1_hypothetical      4.0398948 3.9447893 3.4773854 3.3179882 3.2361723 3.3998316 3.7380505 4.2035778 2.2553447 2.9269221 3.5511974 3.5992298 3.4933741 3.8361371 3.6888270 2.0845646 2.1445186 3.8637136 2.9774004 2.9724094 3.1110190 3.6724133 3.6130119 3.8380508 3.7860795 2.7489845 3.2518419 2.3174384 3.8306422 2.9825356 3.7573288 3.5615871 3.4692136 0.0000000 3.5269444 3.3369375 3.9150251 3.8240035 3.6515833 3.1807625 3.8954681 3.5985164 2.4081756 4.0195619 4.1188806 3.6499580 3.1166940 3.1866721 3.8529790 2.4648857 4.1805815 3.9746055 2.9136487 2.5230607 3.1672470 3.1672470 2.5174530 2.3913572 2.8373435 3.0440567 2.6881300 3.8535405 3.1220860 3.4004257 3.0447262 2.8205594 2.9982212 3.6712073 3.6355350 3.0364985 2.8957440 3.1300094 3.2247436 3.6834429 2.6028906 2.6336554 3.3288086 2.5711921 2.6156851 2.9610949 3.1882634 3.1871345 2.6400725 
AXQ29319.1_lasso             3.2192863 3.1297213 3.2553751 3.2410677 3.8221926 3.2219789 3.3384638 3.4747614 2.4238620 3.9333635 4.7008774 3.5387901 5.6223842 5.1513006 3.2683824 2.3541338 2.3109239 3.2409578 4.1999462 4.4184893 4.4004797 3.0411940 3.1220472 5.1285927 3.5230911 3.9089876 5.1073814 3.1444431 4.0633647 3.6271149 3.0833739 3.7681766 3.1957339 3.5269444 0.0000000 3.2801582 3.5925872 3.5805367 3.5346381 3.6048073 3.4417244 3.5570413 2.8487834 4.5924319 3.4402468 3.6188426 3.5177901 4.3726453 6.5583329 4.6106653 5.1450774 4.6437365 3.6899556 3.9017190 3.9573508 3.9573508 4.2464115 3.7347192 4.5212398 3.6197103 4.8327141 5.8587090 5.8555936 4.5178124 4.8826366 4.6113417 3.1558310 4.1708319 5.6231594 6.3706923 4.8949947 3.9771325 5.0181508 5.9373279 3.4852711 3.9804669 4.4070849 4.4398061 3.9531690 3.6163524 3.7120243 3.7015890 4.3423547 
WP_223839045.1_lasso         3.1794885 1.7255524 3.3403918 1.9161303 3.1617379 2.8012859 2.9669190 2.9931884 3.1383619 2.1254204 4.4347387 3.1270388 4.2093070 3.2910813 2.9262717 2.9799598 2.9512991 2.9876865 4.2837126 4.0502466 4.5955249 1.6768890 2.6671636 3.3646355 3.0375067 3.0567458 4.2178181 3.2809928 4.2552107 1.9816612 2.8135085 4.1875163 1.6332013 3.3369375 3.2801582 0.0000000 3.0241285 2.8568919 2.9443410 3.3902790 2.7452453 3.5642093 3.0964196 4.1984597 1.9150671 3.0038442 2.1059404 4.6057941 3.9563522 3.5916443 4.6464754 6.0535961 1.9695182 3.0999633 4.1600791 4.1600791 3.8915776 3.6061557 3.8004875 3.6899171 3.0445942 3.8726725 3.7973147 3.5764217 3.9682759 4.0555943 2.8818016 3.0562654 5.0938525 4.2266564 3.7208173 3.3188297 4.0401868 3.5924558 2.9782369 4.4012463 3.7663396 5.4389315 3.7982714 4.4694719 2.5698798 3.6676863 3.6788529 
WP_399423476.1_lasso         0.2561802 3.6945197 0.4163253 3.5762859 2.6338728 0.3488679 0.2845527 0.3344410 2.8659268 2.9222503 4.2899810 2.8656186 3.7043469 4.4166531 0.4031111 3.4485103 3.5531307 0.2647807 3.9212771 4.0037238 4.5630524 4.0057498 0.3379773 4.7012398 4.1804458 2.7441382 4.2724269 3.7222376 3.2873933 2.9732485 0.3526785 3.3418164 3.4561472 3.9150251 3.5925872 3.0241285 0.0000000 0.3209125 0.4868891 2.7992550 0.2458209 2.9820269 3.4019151 3.9888633 3.5434819 0.4515470 3.1953082 5.3968199 4.4823842 3.8642772 4.6966626 4.1233612 3.1922475 3.4764618 3.3382768 3.3382768 4.0932815 3.8497128 3.2106992 4.1165848 3.5636077 4.4003088 3.9277114 2.6854944 3.9188516 3.0928621 3.0657878 2.8269042 4.6788005 4.1890318 3.5010725 4.1503423 2.9088256 3.3506549 3.5031058 3.1032398 4.0317039 3.5290264 3.3473982 3.6962934 3.4724744 3.6384352 3.5178519 
WP_351500742.1_lasso         0.2856593 4.1378457 0.2496629 3.8751337 2.8080704 0.2323179 0.3362005 0.3406440 3.2574332 2.9965414 4.1385937 2.7988872 3.5409960 4.1180412 0.3551283 3.4256760 3.5908420 0.3357483 3.7572890 3.8170118 4.2090183 4.4432480 0.3516477 4.5283173 4.2483638 2.5295208 4.4473023 3.5885501 4.0134355 3.0442970 0.3459188 3.2364036 3.8733268 3.8240035 3.5805367 2.8568919 0.3209125 0.0000000 0.4248085 2.7297949 0.2614111 2.8305122 3.3780560 3.7097208 3.8218466 0.4187084 2.8979277 5.2264240 4.3237324 3.5215475 4.5370739 3.9848648 3.0307887 2.9972684 3.2026453 3.2026453 3.8976213 3.6971654 3.1336090 4.2264596 3.5327304 4.0811032 4.1133949 2.9377524 3.9681048 3.1703660 3.0325968 3.0300368 4.5522990 4.0545259 3.3547067 3.8320830 2.9076923 3.1909411 3.3062717 3.0507918 3.6115887 3.2650429 3.2067941 3.3561081 3.0853221 3.4915491 3.3532590 
WP_250400137.1_lasso         0.4601660 3.8329164 0.4383506 3.9930942 2.7238296 0.3959937 0.4685354 0.5044622 3.1645913 3.5399093 4.0279319 3.3115439 3.4080042 3.9581566 0.5558267 3.5727804 3.6835981 0.4848809 3.8731492 3.5325184 4.7767980 4.2960823 0.3624192 4.9105144 4.4808199 2.5286998 3.8582951 3.7227258 4.0765375 3.1398986 0.3393396 3.6354541 3.6708144 3.6515833 3.5346381 2.9443410 0.4868891 0.4248085 0.0000000 2.5422586 0.4124467 3.0583730 3.6375685 4.0444435 3.6504240 0.2714072 3.0957574 5.8991558 4.9829231 3.2137060 4.0892351 3.8529791 3.1198662 3.0112811 3.5019722 3.5019722 4.3562538 3.3964766 3.0780332 3.6911625 3.4372605 4.0406025 4.1599613 2.6265641 4.0553317 3.2754062 2.8751362 3.0848483 4.3030612 4.0604088 3.3918837 4.5392223 2.8041900 3.1618949 3.3867570 3.2588854 3.7129757 2.9852652 3.6863594 3.0094543 3.6442005 3.6690770 3.0315840 
WP_206437529.1_MULTISPECIES_ 2.5146406 5.0069595 2.4923481 4.8176296 3.7156134 2.4243226 2.4781474 2.5064342 2.6500527 5.7545273 2.7860548 2.0620333 3.6574117 2.7267767 2.4910930 2.2788309 2.2513655 2.3533528 3.6518624 3.6923090 4.5273761 4.2448128 2.4332716 3.1720460 4.7116949 3.4471627 4.0982726 2.3992983 3.4764879 3.8762055 2.4929264 3.3794690 4.6058207 3.1807625 3.6048073 3.3902790 2.7992550 2.7297949 2.5422586 0.0000000 2.7068188 3.4906708 3.5473665 3.0298351 4.1482112 2.4888723 4.1699862 4.6566925 4.1958742 3.4179574 3.1010401 3.1545851 4.0740157 3.5739093 3.0391967 3.0391967 2.7676804 2.9571083 3.0317471 2.9710193 3.3656305 5.1475468 3.1430316 3.4656392 3.1080220 2.8912588 2.9203858 2.7818096 2.7231020 2.5607334 3.9761877 3.4348913 3.3533035 4.1016760 3.2377150 3.2512325 2.8063226 2.8425504 2.8814475 1.9906859 2.8602169 3.1862167 3.1521779 
WP_385061989.1_MULTISPECIES_ 0.2493854 3.6164197 0.3544862 3.7497525 2.8360087 0.2470701 0.2593823 0.2968395 2.8299662 3.1071407 4.6058817 2.8840686 3.6163805 4.5377891 0.3255610 3.2762628 3.6242791 0.2860825 3.6451363 3.8581629 4.7152897 4.0816711 0.3475016 4.4385473 4.1968662 2.5318805 4.5857595 3.4809256 3.4871694 3.3785127 0.3106597 3.1973842 3.4331578 3.8954681 3.4417244 2.7452453 0.2458209 0.2614111 0.4124467 2.7068188 0.0000000 3.2055932 3.3388310 4.2469035 3.5959292 0.4345575 3.1381475 5.4170162 4.6142413 3.7930760 4.4443356 4.3339104 3.3101929 3.1575812 3.3723228 3.3723228 3.8961253 3.7509569 3.3701278 3.8071121 3.4702069 4.4121297 3.6617704 2.7976939 3.8808653 2.9039404 3.1403452 2.8687447 4.5417175 4.1000373 3.3954340 3.8784979 2.8345228 3.2213071 3.3831043 3.2852846 3.7823453 3.1158926 3.2158261 3.4900051 3.2145569 3.5050413 3.3988368 
WP_266422960.1_lasso         3.4555326 4.0429079 2.9425064 3.8177835 1.4404466 2.8902409 3.1875517 3.0285889 3.8208866 4.4914401 3.6065692 3.5005116 3.3674551 3.9668035 2.9596064 3.4114539 3.5092001 3.0184439 2.7321316 3.1871258 2.9816338 4.0023711 3.0661046 5.1879100 3.5945396 3.1046511 3.1613337 3.2421374 3.0191043 3.6499212 3.1632884 3.0800428 3.9343999 3.5985164 3.5570413 3.5642093 2.9820269 2.8305122 3.0583730 3.4906708 3.2055932 0.0000000 3.4585598 3.3363441 3.8714877 3.3260968 3.3336564 3.2482340 4.2639905 3.6174590 3.9644405 3.9096299 3.0153068 2.4942732 3.1603562 3.1603562 3.0614674 2.5174714 3.4232252 3.2690003 3.2356596 3.5122188 3.7097605 0.9439807 3.0627678 3.2531863 1.3975922 1.2122116 4.4695562 3.6262221 3.1053766 3.0539062 2.7152884 2.9757807 3.8080944 3.1262488 2.9494061 2.7090830 2.7752087 2.8907741 3.0955449 3.6713001 2.7637296 
WP_374146032.1_lasso         3.6907175 3.6485210 3.5681229 3.9710023 3.3008653 3.4062448 3.2820569 3.7976211 2.6614194 2.8848025 3.0766674 3.1084784 4.7638397 3.4511908 3.2943864 2.3491724 2.2470032 3.4903091 3.5396831 4.1229266 4.6639265 4.0313714 3.6435993 3.1745030 2.9590940 3.6092722 4.6379552 3.9361702 3.7618060 3.2837047 3.4966865 2.6725577 3.6007885 2.4081756 2.8487834 3.0964196 3.4019151 3.3780560 3.6375685 3.5473665 3.3388310 3.4585598 0.0000000 2.8412828 3.5519591 3.7476422 3.0133911 4.8633264 3.9589101 4.1295420 2.9351196 5.8537463 3.8784937 3.3578114 4.1808425 4.1808425 4.6142984 3.6901527 4.1384888 3.9897559 3.8712175 4.7998082 4.3652477 4.2923069 4.7315459 3.2670375 3.4800172 4.1396027 4.0311289 4.2488327 4.7195721 3.7715462 3.7085368 3.9817027 3.6658271 2.6417805 3.2707748 3.8603714 3.8856522 5.4443783 3.4656285 3.7093152 3.6534070 
WP_345693105.1_lasso         4.0588719 5.0742088 3.5770877 5.5510875 4.0489071 3.5349878 3.8481695 4.5035303 3.2238939 3.9585532 0.7364637 2.3200017 4.0033967 1.6022952 3.7359599 3.9697234 4.2235741 3.7727386 3.8190233 3.7914007 3.8023898 6.1070423 3.7421865 1.2378010 2.5983669 3.7527393 3.7502482 3.6337294 3.2314060 3.6473009 3.8434162 3.1955322 4.3981036 4.0195619 4.5924319 4.1984597 3.9888633 3.7097208 4.0444435 3.0298351 4.2469035 3.3363441 2.8412828 0.0000000 5.0121156 3.4235058 4.2690950 4.2938707 2.9062259 2.9805351 0.7173296 4.0785461 4.4851204 3.1550506 4.0961144 4.0961144 3.3835010 3.5425093 3.7917317 3.6933130 3.0783075 4.5160059 4.1764769 3.6470068 3.0498094 2.6453581 3.2724464 3.1682234 4.0180174 3.4842504 3.5972111 4.8009119 3.3954051 4.0517434 3.5052160 4.0163609 3.0737031 4.4705725 3.8916723 4.1912713 4.0606407 4.3038753 4.2727731 
WP_400748982.1_lasso         3.9640156 0.7920060 3.6212133 1.2131641 2.9534107 3.6267325 3.3403069 3.7157188 3.5294100 1.5642639 4.4994661 3.8574464 4.6503957 4.2365008 3.5971938 3.1823901 3.0775757 3.6566082 3.7956880 3.9789134 3.8204250 1.0349856 3.6839988 4.0780790 5.2621156 4.4581711 4.4215141 4.6106219 4.2524262 1.7158133 3.6658044 4.3756168 0.8122849 4.1188806 3.4402468 1.9150671 3.5434819 3.8218466 3.6504240 4.1482112 3.5959292 3.8714877 3.5519591 5.0121156 0.0000000 3.9695516 1.6629668 4.2672133 4.9560667 3.6077031 4.7685061 5.1912491 1.7041323 4.4270177 4.4759922 4.4759922 3.8846818 3.2291838 3.1920216 4.0640007 3.9466573 4.1585522 4.8312155 2.8843309 5.3375249 4.6602361 3.3876932 2.8470064 5.3657258 4.9589623 4.2499960 3.9860484 4.1699706 4.2003918 3.8750827 3.8314494 3.8718247 4.2798849 4.0408216 3.8938439 3.6303178 3.4999575 3.9132697 
WP_391650384.1_lasso         0.3983605 4.1573049 0.4433287 3.8873226 3.0364765 0.3981981 0.3958908 0.4600843 3.4014695 3.0038639 3.8548456 2.9618363 3.4694115 3.4432191 0.4798245 3.6862422 3.6658837 0.4299876 4.1475945 3.8701680 4.7033357 4.1364736 0.3294935 4.2734088 4.1852507 2.8863384 4.4392469 3.8681920 3.7137898 3.1682396 0.3309751 3.6858698 3.6345267 3.6499580 3.6188426 3.0038442 0.4515470 0.4187084 0.2714072 2.4888723 0.4345575 3.3260968 3.7476422 3.4235058 3.9695516 0.0000000 3.1627615 5.5031487 4.1630968 3.1746621 3.6618613 3.9191966 3.1450736 3.3027918 3.5338954 3.5338954 4.5418073 3.6082869 3.2099851 3.8848500 3.5619912 4.1423816 4.2535185 2.7776033 4.2774219 3.0933084 3.0265457 2.8899709 4.3041425 4.2755211 3.5048887 4.4308100 2.8140792 2.9792464 3.3106482 3.3982890 3.4773153 3.1517201 3.5036468 3.4466029 3.7548141 3.7927192 3.2564456 
