84
PYN44840.1      0.0000000 3.1043235 3.9404921 3.1475623 3.2425527 3.2310236 3.4503241 2.7239929 2.4354232 2.6794314 3.5374070 2.9161893 3.5178394 3.2131999 4.0000614 2.8544968 3.4555660 3.4999005 2.2820856 2.1829510 3.8271050 2.9504405 3.0971473 3.9353707 2.8377616 3.6993636 4.0926108 3.5231637 3.3741273 3.5056668 4.6402888 2.8590470 2.9787429 2.9264170 3.2315814 3.6623219 3.8238014 3.6114206 2.9364162 3.7593694 3.2390300 3.2626997 3.0666146 2.8056482 2.2775956 3.6272297 2.9008540 3.5278340 2.8994851 3.0601660 2.8241682 2.8388856 5.2582898 2.9895085 3.4140316 3.7493808 3.7493808 3.9635747 3.8375942 3.3187165 3.3147641 3.3476663 4.9548342 4.1868212 3.2845316 3.7744165 3.5784484 3.0463605 2.8316941 3.9864165 3.9318523 3.8183812 4.0029405 3.5236576 4.6656565 3.7116473 3.7187756 3.3195387 3.6379071 3.2992543 3.2188558 3.8723009 3.8019747 4.1799574 
WP_412719922.1  3.1043235 0.0000000 3.2445298 1.1962542 0.2132131 4.4369851 3.4985447 3.3336777 4.0588341 2.8617133 2.2445063 4.9840892 3.5848083 1.4498389 2.9546882 2.8198575 3.3698276 3.1395442 3.0799755 3.0910859 3.5853457 3.0237833 2.8289186 2.9500860 3.9605330 3.0770794 3.4743831 3.2681550 4.7525114 4.2163422 3.1700646 2.2134665 2.7765888 3.1464614 3.0234836 4.2334038 2.3599945 2.8310109 3.0155645 3.5035046 4.5250992 3.7638880 3.8884889 3.1067148 3.2252737 3.3806412 2.6532827 4.7597982 1.5039057 2.9677733 3.3311175 2.2863557 4.5666677 3.1179338 3.0158287 3.4050148 3.4050148 3.3096554 2.7595789 3.3129422 2.7295387 3.2652167 3.3442775 4.1647653 1.2316838 4.3507837 2.6580684 1.4165410 0.9952906 4.1317763 4.5455059 3.5732920 3.4221699 3.0095097 2.4573476 3.2829994 3.0010637 3.3920873 2.8280076 3.5149004 2.7789540 3.5909492 3.4215563 2.1035481 
WP_179507690.1  3.9404921 3.2445298 0.0000000 3.3912861 3.2245031 4.1518320 4.0846376 3.3268860 4.1301846 3.8134345 3.8188563 3.0055033 4.4197913 3.3040179 4.0999793 3.7199772 2.5388479 3.2503862 3.9037543 4.4043872 3.2729518 3.2290196 2.8146200 4.3460120 3.6433930 2.4118790 2.6817322 3.4464790 3.3287271 3.5866588 2.2458162 3.0698346 3.4253401 3.6998222 3.6172258 2.5163080 4.0165805 4.1702322 3.7765388 2.7795518 3.6571016 2.8694019 3.8019446 2.3384356 3.7135640 2.9343613 3.7500053 4.1948388 3.0858163 3.7330581 2.9595164 4.1797466 3.2610247 2.9947028 2.6031311 2.0318956 2.0318956 2.5911671 1.6698086 3.0400039 2.4298244 2.4727944 2.2070137 3.2546025 3.6919621 3.2196508 1.9564301 3.0273075 3.8742910 3.2427044 3.5611087 3.3665405 2.6053138 2.4512374 2.1229185 2.2639646 2.0568039 2.1518705 2.2271033 2.5036305 2.5784405 2.2345588 2.3075137 1.7014631 
WP_398814270.1  3.1475623 1.1962542 3.3912861 0.0000000 1.1333859 4.2088724 3.5857015 3.4161974 5.1643003 2.9570822 2.4070816 5.4686520 3.3414094 1.0607783 3.4414358 3.0254458 3.3222370 3.5315773 2.9798792 3.7106969 4.2521468 3.0171672 2.8807435 3.2075139 4.5805950 3.6978585 3.7423303 3.9225375 4.3907715 4.9667854 3.0630530 2.3254440 3.3368748 2.9758451 3.2150294 3.6755639 2.1257612 2.9128628 3.0886300 3.6847368 4.6785352 3.9044102 3.7468467 2.7546577 2.9189337 4.3292060 3.0415223 3.7565324 1.3466617 3.1899384 3.6279709 2.8507349 4.9243371 2.6086676 2.8010152 3.3991591 3.3991591 3.2635853 3.3564294 3.7234713 2.8039398 2.6804084 3.4883028 4.7843570 0.6632294 5.2622378 3.3485406 1.7290721 1.2718709 3.7735245 4.2878965 3.7070911 3.3222375 2.8798702 2.9821593 3.4142274 2.6562682 3.5285967 3.8671083 3.0630615 3.0936945 4.2032349 3.9319986 2.7892617 
WP_330115860.1  3.2425527 0.2132131 3.2245031 1.1333859 0.0000000 4.3829106 3.3141566 3.4181044 3.7551840 2.8473375 2.4547827 4.9379429 3.3959588 1.6915432 3.1410560 2.6913794 3.4297243 3.0598916 2.8961642 2.9785044 3.3733826 2.8436831 2.7818472 2.9312502 4.0016404 3.1259340 3.3540772 3.2950829 4.8076640 4.1144762 3.1903638 2.3639948 2.6114612 2.9892893 2.9426634 4.1797312 2.4650895 2.7922530 2.8969539 3.5175595 4.2865675 3.5086565 3.7991322 2.9304149 3.1543935 3.3297048 2.7002959 4.8188863 1.7308199 2.9131712 3.4231796 2.4118537 4.3274072 2.9177113 3.0073394 3.3473135 3.3473135 3.1191375 2.7679456 3.1576325 2.6221434 3.1576152 3.4515017 4.4182909 1.2091643 4.5010067 2.6202950 1.5064012 1.0007132 4.0829824 4.3691345 3.4548902 3.2529401 2.9012833 2.5792721 3.1781370 2.8783838 3.3641023 2.7781610 3.4872381 2.7414386 3.5404781 3.4650791 2.1978434 
WP_305267091.1  3.2310236 4.4369851 4.1518320 4.2088724 4.3829106 0.0000000 4.0938279 3.4866149 3.2289973 2.8377928 4.0145167 4.6628189 4.2202490 3.8973438 4.1330464 2.6617999 3.0479844 3.0612344 2.6629786 1.5034165 2.8021494 3.1982887 3.5649646 3.7698864 3.7436440 4.6529191 3.3584153 5.5403848 7.1299569 4.7338493 4.8766149 3.1392825 3.0384337 3.5560303 2.6986188 4.3159150 5.2262312 4.2969975 2.9027338 3.6975715 6.4199066 3.2049050 1.7736958 2.3098948 2.5128734 3.7732218 2.8561050 5.5667590 3.8633790 2.9463558 3.1400987 3.5299233 4.3467706 3.6395850 3.7427489 2.9598553 2.9598553 4.0968362 3.7440481 4.0886184 4.8211402 3.3000042 4.3886589 4.8555506 3.8513837 4.4743144 3.8883818 3.5190103 4.0714793 3.9065687 4.2999543 3.8538897 3.5081783 3.9071852 5.5641525 3.3666394 3.1034056 4.3194003 3.6691726 3.7633841 4.1043749 2.8986774 3.2476416 3.5165069 
WP_265944329.1  3.4503241 3.4985447 4.0846376 3.5857015 3.3141566 4.0938279 0.0000000 3.6422274 3.9405658 2.8146930 1.4336395 4.1756256 0.1836906 2.5358045 1.1615259 2.9455771 3.8165928 3.3307452 3.7583660 2.4721917 4.5190230 2.9565608 1.4477437 0.5276599 5.0520308 4.4627765 3.9120658 3.7745457 3.5516429 3.4705540 3.6825899 1.2244706 2.9059947 3.2743730 2.8150407 3.9989860 2.6798670 1.3558037 2.8361549 4.4383625 4.2671605 3.9521592 3.9003318 3.6032265 3.4169699 4.4822789 2.8210184 4.7561925 3.2858426 2.7709695 3.2223141 1.3591648 5.5884816 1.5075391 3.5247975 5.0386795 5.0386795 4.2687944 2.9200920 2.9552912 3.7442833 3.6088691 3.5759778 4.5932035 3.2599817 4.7829367 4.8883543 2.9513907 3.1630064 5.5632696 4.4712234 4.4376798 3.9697753 4.5850773 4.1542642 3.9192033 3.7055290 4.2879169 4.7195119 3.4064986 4.3672103 3.4084279 4.5252657 3.2566443 
WP_211956372.1  2.7239929 3.3336777 3.3268860 3.4161974 3.4181044 3.4866149 3.6422274 0.0000000 4.0136571 3.2161322 5.1011910 4.4198242 3.9421288 3.9299976 4.7713281 3.6930202 3.4125241 2.7296515 3.0841280 2.9939518 3.1566552 3.6461604 3.5158826 3.6355818 3.0087546 3.1148071 3.0805532 3.9248241 4.0703325 3.9191651 3.4405371 3.6699756 3.5655449 3.8051984 3.7062970 3.2520490 3.7442155 4.8017498 3.7148512 3.2537742 5.1356173 3.1942218 2.9551923 3.1908636 2.8598997 3.3832827 3.7653545 4.3000598 3.4082982 4.0042784 2.8341720 4.3647140 3.1444331 3.4962023 2.9492411 2.6380525 2.6380525 2.6282516 2.5396478 2.3698463 2.7433103 2.8326589 3.5902503 3.0909964 3.5797102 2.5983094 2.6600041 3.7632015 3.4946690 2.7099460 2.6712061 3.0523061 3.2552731 3.0395393 3.6006671 2.8442067 2.8068271 2.6103894 3.0290975 2.8673868 3.0727946 3.0569929 3.2452960 3.5045247 
PWB83016.1      2.4354232 4.0588341 4.1301846 5.1643003 3.7551840 3.2289973 3.9405658 4.0136571 0.0000000 3.2265460 5.0865241 3.6210108 3.7265923 4.1533308 4.1910698 3.0002710 3.6871510 3.1725821 1.7410085 2.5175332 2.4896256 3.6595938 4.6332766 4.3398849 4.5926989 3.6001548 3.1850941 3.6098882 3.5703641 4.2207943 4.4514161 4.3908799 3.1862742 3.6530671 3.4353606 3.6796906 4.0854997 4.3138811 3.3076290 4.2900389 3.2986848 2.0352886 2.1492480 3.8654788 1.7584843 3.2696082 3.2520563 3.5019384 4.2285279 3.0142112 1.8305212 4.3492830 3.6304869 5.4793412 3.7622079 3.2852192 3.2852192 3.7885193 3.1673195 4.1943689 3.9240961 3.5626297 5.0769312 4.2375576 4.5684553 4.1213472 3.9144492 3.1290804 4.4614926 4.1899701 4.5124350 4.4606529 4.0299295 3.2210872 3.9613019 4.2937943 3.6373438 3.0313743 3.1993917 3.8753662 3.7256912 4.0535964 3.6705028 2.9271806 
WP_363218620.1  2.6794314 2.8617133 3.8134345 2.9570822 2.8473375 2.8377928 2.8146930 3.2161322 3.2265460 0.0000000 3.3191558 4.6991312 2.8575710 3.4125294 3.8268151 0.1865570 3.8337387 3.1161816 3.1892953 2.7555883 3.2803648 0.3523992 2.4369619 3.0120866 4.5273720 3.3818903 3.2018227 4.5631776 4.4570979 3.6009924 4.2343611 2.9539027 0.3609174 0.4076074 0.2649777 3.8453020 4.3334085 3.6642660 0.1924146 3.1955973 4.0113505 4.1311945 2.7492408 3.2190435 3.0235058 2.9659613 0.2641661 5.0888023 3.2112567 0.3184826 4.3058005 3.4469764 3.9802411 3.2324446 3.1812835 3.1553488 3.1553488 4.1561665 3.4133907 3.2099191 3.3596062 3.4150173 3.8681701 3.5376570 2.8782667 4.0755279 3.0413398 2.7723126 3.6057310 4.1906117 4.3355323 3.2801190 4.1533977 2.8612967 3.2631983 3.5527687 3.0513988 3.3825257 3.1498967 3.1896741 3.4016508 3.5667811 3.4427271 3.0390406 
WP_397231255.1  3.5374070 2.2445063 3.8188563 2.4070816 2.4547827 4.0145167 1.4336395 5.1011910 5.0865241 3.3191558 0.0000000 4.5212803 1.3934159 2.3405712 0.9448546 3.2645014 4.1831570 4.1745605 2.7955686 2.9931549 3.3266287 3.3204959 1.6672597 1.2904993 3.9919693 4.6860268 3.6330580 3.8728120 3.3778258 3.7599800 4.1445374 1.5691578 3.8100136 3.7114889 3.4040261 4.0434863 2.3260972 0.9695772 3.4715460 3.6690543 4.6222338 3.1141255 3.8600184 3.2314541 2.8140899 5.4366943 3.3728707 5.3404563 2.6435758 3.4380018 2.6612277 1.0703254 5.3236463 1.7585740 4.2791657 4.5609697 4.5609697 4.0084031 3.5979379 4.0983315 3.5451681 4.2961598 3.6389277 4.4404333 2.5196607 4.7634882 4.8954828 2.3952736 2.7423807 5.7008812 4.2069178 5.5107775 4.3561540 4.3710797 3.7181646 3.6146929 4.2819479 5.3610156 4.8999158 4.6555987 3.9218896 4.1074514 4.5958827 3.4372499 
WP_387358771.1  2.9161893 4.9840892 3.0055033 5.4686520 4.9379429 4.6628189 4.1756256 4.4198242 3.6210108 4.6991312 4.5212803 0.0000000 4.6619008 4.8117059 4.3933719 4.3321896 4.2004122 5.0542923 4.6068764 5.3930424 4.6482139 4.6959156 4.1777576 4.5234610 4.1587201 3.9584407 3.8859345 0.9852600 1.0030266 2.9522042 5.7954768 6.0269934 5.0164319 5.3055374 5.3896195 3.7842761 5.1425334 4.5339443 4.7957758 3.0676353 0.4556479 3.3803332 5.0570590 5.1433448 4.4657306 3.8970693 4.3154036 5.0701032 4.6167197 4.8898367 3.0780570 4.1975152 5.0155704 5.3127937 3.7712882 4.1203515 4.1203515 4.0007164 3.7371073 4.2214731 3.7714052 3.8391186 3.9240233 4.4613540 4.5238315 4.2311542 3.5281686 4.5605229 5.0148510 3.9179561 3.1318177 4.0952935 5.2547049 3.7455158 5.1617689 3.2935024 3.0375815 3.3779088 3.8896001 4.4674839 4.3327315 4.6385404 4.5162289 4.7797041 
WP_184574211.1  3.5178394 3.5848083 4.4197913 3.3414094 3.3959588 4.2202490 0.1836906 3.9421288 3.7265923 2.8575710 1.3934159 4.6619008 0.0000000 3.0598236 1.2862850 2.8453775 4.7019415 3.5384510 3.9862756 2.8085612 4.7170957 3.3035336 1.4137599 0.5809638 5.0731444 5.2472976 4.5749265 4.0016761 3.8062910 3.6683466 4.0378054 1.3813227 3.0261483 3.5432729 2.7745631 4.1726650 2.7695273 1.3819603 2.8698570 4.4366858 4.3840993 4.0824762 3.9790105 4.0835772 3.7106968 4.9694931 2.9105804 4.9637059 3.6720294 2.8665532 3.5422288 1.3430746 6.2434881 1.7712336 4.4014320 5.7838493 5.7838493 4.7194355 3.4583153 3.7515435 3.9881695 4.0794015 4.2266525 5.0610652 3.3730605 5.0147182 4.9946779 2.9920936 3.2165402 6.2016559 4.9779055 5.0806389 4.8070797 4.2577757 3.8382950 4.8048506 4.8130605 5.4943695 5.0562372 4.1421187 4.7759940 4.1618054 5.0549725 3.7961120 
WP_411157232.1  3.2131999 1.4498389 3.3040179 1.0607783 1.6915432 3.8973438 2.5358045 3.9299976 4.1533308 3.4125294 2.3405712 4.8117059 3.0598236 0.0000000 2.7651632 3.6363210 3.4375166 3.3277084 3.7217090 3.5058929 3.5481785 3.6222568 2.2264041 2.7844116 3.4545594 3.2343992 4.0491800 3.3507897 3.8634763 3.4618414 4.1866771 1.9420408 3.4518941 3.6917500 3.7756769 3.0352317 2.1239647 2.5368932 3.6208784 2.6637219 5.1829172 3.4166211 4.9617146 2.7860840 3.6428837 3.0945584 3.4052031 3.4317287 1.1694879 3.4848630 3.3261871 2.4078166 3.9264383 2.0162667 2.6999448 3.2200444 3.2200444 2.9799996 2.6257499 3.2400326 2.8007863 3.0107315 3.3552675 3.7389814 0.7747781 3.6386216 3.1454778 1.4879438 1.1674540 3.6470233 3.6840007 3.2639351 3.0592374 2.9798263 3.7779923 3.9262448 2.8974221 2.9010400 2.9507426 2.9251661 2.7103845 3.4915377 3.3480040 2.8587495 
WP_389828129.1  4.0000614 2.9546882 4.0999793 3.4414358 3.1410560 4.1330464 1.1615259 4.7713281 4.1910698 3.8268151 0.9448546 4.3933719 1.2862850 2.7651632 0.0000000 3.8187938 4.1955483 4.3465898 3.6781534 3.4728957 5.6386437 4.0328968 1.5761687 1.1380138 4.7330351 4.3416907 4.0917308 4.9933593 4.5781834 4.5092475 3.8648370 1.4700257 4.5281708 4.2642065 3.9721968 4.9156997 3.1886438 0.5139127 3.8437225 5.0964874 4.7537050 3.5439694 4.9865272 4.4267944 3.6424723 4.9186434 3.7895259 5.0636166 3.6073756 4.0527380 3.1812121 0.9302907 5.6559657 1.5655199 4.4611509 4.0912805 4.0912805 3.9628768 3.3991911 4.0716732 3.9563383 3.9572209 3.4358454 5.1890384 3.3821863 4.9842085 5.4705900 2.6646205 2.9966152 5.7987177 5.4035174 5.7765078 4.2557203 4.7752523 4.7270708 3.9833761 3.9845400 5.7614274 4.8908240 4.1539729 3.9032636 3.6627540 4.0540014 3.7632923 
WP_184963546.1  2.8544968 2.8198575 3.7199772 3.0254458 2.6913794 2.6617999 2.9455771 3.6930202 3.0002710 0.1865570 3.2645014 4.3321896 2.8453775 3.6363210 3.8187938 0.0000000 3.9937185 3.3898328 3.0615243 2.8327834 3.3537312 0.3854752 2.7290409 3.0731366 4.4303973 3.7452341 3.1342644 4.5183709 4.2964206 3.6146878 4.0522736 2.9021855 0.3150139 0.4362167 0.2194741 3.7850759 4.7129931 3.6816742 0.1347825 2.9179377 3.7205425 4.0702667 2.9574768 3.2646758 2.8871098 3.2663298 0.2582632 5.3480897 3.5349524 0.3115190 3.8672554 3.5868242 3.8885681 3.2991773 2.9131583 2.8784942 2.8784942 4.7160111 3.4347840 2.9529389 3.4731910 3.4680451 4.0066260 3.6695579 2.9325281 4.1259749 3.1224856 2.8379910 3.4603465 4.1606355 4.3553687 3.2648180 4.2821537 2.7164578 3.2406501 3.6038562 3.4758378 3.8488762 3.1137838 3.3357454 3.4855441 3.3447658 3.5605643 2.9538461 
WP_088471060.1  3.4555660 3.3698276 2.5388479 3.3222370 3.4297243 3.0479844 3.8165928 3.4125241 3.6871510 3.8337387 4.1831570 4.2004122 4.7019415 3.4375166 4.1955483 3.9937185 0.0000000 3.1365966 3.6262405 3.6564396 3.5792828 4.0839096 2.6944698 4.1287255 4.3314381 3.0275676 2.9803005 4.4529906 4.4344033 3.9019484 2.8864111 3.1853276 3.9982578 3.6348458 4.0404040 3.4261186 3.7702022 5.4432325 4.0704716 3.6040057 4.5584112 3.0621735 2.8880958 2.9826016 3.6385944 3.1455188 3.7773423 3.6687097 2.8327895 3.7798233 3.3142380 4.5059849 3.4460980 3.6993209 2.2645689 2.8916272 2.8916272 2.2525825 2.6879401 3.6011344 3.4072441 2.3214417 3.0512480 3.6155040 3.5283938 3.3604327 2.3516929 3.2046387 4.8380560 3.7718839 3.2950947 3.4773744 2.2069498 2.8222024 2.7437539 2.5635961 1.1827009 2.0252460 2.1253609 3.1304114 3.6108297 2.3254380 2.5560308 2.9259048 
WP_305957389.1  3.4999005 3.1395442 3.2503862 3.5315773 3.0598916 3.0612344 3.3307452 2.7296515 3.1725821 3.1161816 4.1745605 5.0542923 3.5384510 3.3277084 4.3465898 3.3898328 3.1365966 0.0000000 2.5533467 2.4417865 1.5154014 3.5851972 3.1236264 4.1759599 4.6416990 3.6994000 3.5044143 4.7857250 4.7689495 4.2075508 3.5247072 3.5631157 3.5810394 3.4276270 3.5836005 3.9849506 3.8103423 4.0740652 3.4091586 5.1296426 5.5130165 2.5039163 3.4403902 3.1247924 2.3177706 4.0130783 3.6491704 3.7342846 3.4346437 3.6911301 2.3050163 3.7578319 4.0568391 3.3230890 3.5037184 3.5853104 3.5853104 3.6754966 2.8168451 4.0709464 3.6631742 3.9340946 3.4448993 3.9146494 3.6727472 4.3915129 3.0868801 3.4445797 3.3997515 3.9223010 3.9735298 3.5274804 3.7385213 4.0153411 3.9597777 3.4435746 2.6815044 3.0464247 3.6039754 3.2439579 4.5027880 3.1344309 3.5900686 2.8640395 
TGQ65560.1      2.2820856 3.0799755 3.9037543 2.9798792 2.8961642 2.6629786 3.7583660 3.0841280 1.7410085 3.1892953 2.7955686 4.6068764 3.9862756 3.7217090 3.6781534 3.0615243 3.6262405 2.5533467 0.0000000 2.3841334 2.2127767 3.6062474 3.0167729 3.4330563 3.5926406 4.0938480 4.0209266 5.2963207 5.1776867 4.4865503 4.8642518 3.0822672 3.6361495 3.4617628 3.5397077 3.4974569 4.2058279 3.1678896 3.2561584 4.7273965 4.8885191 2.3227303 2.8023657 2.8942158 0.2278236 3.7372580 3.7113355 3.3319224 3.5396172 3.3068968 2.2497656 3.1193108 3.9581405 3.6320268 3.5460002 3.1851915 3.1851915 3.5444775 3.8571810 3.9340588 3.7222956 3.4842385 4.6762800 3.2693721 3.5817909 4.7585490 3.8583288 2.8043260 3.8028338 4.7256699 4.9743570 3.8684132 3.3296839 3.4501558 3.6260772 3.2287382 3.3512919 3.7126583 3.3722498 3.2233658 3.4451090 3.7384238 3.2630804 3.4486773 
WP_343891638.1  2.1829510 3.0910859 4.4043872 3.7106969 2.9785044 1.5034165 2.4721917 2.9939518 2.5175332 2.7555883 2.9931549 5.3930424 2.8085612 3.5058929 3.4728957 2.8327834 3.6564396 2.4417865 2.3841334 0.0000000 2.6066987 3.1005680 2.2630752 3.1593128 3.4607641 3.9708522 4.5917783 3.6277010 4.1783610 3.4047738 3.9315246 2.4454112 3.0985499 2.9186277 2.9414101 5.3894320 5.3149914 2.9223707 2.8614107 4.0070524 4.9356055 3.1025438 2.2270364 3.2334220 2.2815702 3.3776541 2.6854665 4.4557409 3.0934485 2.8471373 2.8141013 3.0806743 4.6506646 2.5205632 3.3645243 4.1214802 4.1214802 3.9979147 2.8655606 4.0956100 3.0711682 2.9255962 4.6527770 3.9163469 3.3564050 3.6420806 3.5941583 3.0523118 3.4918630 4.9959115 4.4741540 4.8859557 3.4981848 3.9543090 3.5189547 3.0513949 3.7625110 4.3634017 4.7871542 3.3370184 3.7778778 3.1185674 3.3343473 2.9629454 
WP_252259005.1  3.8271050 3.5853457 3.2729518 4.2521468 3.3733826 2.8021494 4.5190230 3.1566552 2.4896256 3.2803648 3.3266287 4.6482139 4.7170957 3.5481785 5.6386437 3.3537312 3.5792828 1.5154014 2.2127767 2.6066987 0.0000000 3.4851060 3.6470216 4.8129260 3.9127009 3.3815493 2.6886076 4.6743697 3.6260527 3.6176277 3.5233505 3.6294373 3.6492084 3.8377812 3.4232913 3.4308800 3.5300989 3.3915462 3.1821874 4.3943912 5.3054118 2.6184205 3.2059970 3.8700260 2.0868441 3.5022969 3.3131385 3.7713166 3.6101893 3.2522810 2.6193347 3.6898058 3.3545863 3.4081626 3.3855120 3.2144774 3.2144774 3.1246296 2.5951728 3.9815251 3.5900412 3.1131098 3.1264292 3.7495851 4.1612317 3.3725682 2.5335133 3.5604526 4.1111924 3.6334017 3.0031062 3.7632735 3.3374570 3.0091249 4.5155146 2.7517561 3.1633326 2.9945734 3.4032764 3.1540135 4.2362762 3.0030751 3.1703804 3.1739809 
WP_279337378.1  2.9504405 3.0237833 3.2290196 3.0171672 2.8436831 3.1982887 2.9565608 3.6461604 3.6595938 0.3523992 3.3204959 4.6959156 3.3035336 3.6222568 4.0328968 0.3854752 4.0839096 3.5851972 3.6062474 3.1005680 3.4851060 0.0000000 2.4376955 3.1586886 5.0406874 3.4958428 3.3571647 4.9754275 4.6603455 4.0496812 4.0601045 2.8665798 0.3365989 0.3350997 0.3410109 3.9461234 4.7591034 3.8360413 0.3717703 3.2765026 4.4543695 3.7933947 3.1250632 3.0458985 3.3892031 3.2244155 0.4897537 4.5285684 3.2313278 0.3295413 3.8982092 3.5410886 4.0324127 3.1039707 3.1600610 3.0636131 3.0636131 4.2076370 3.1348720 3.2522085 3.4406926 3.4792515 3.8547521 3.6290668 2.7858396 4.1207690 2.9667402 2.6577950 3.3517585 4.3615271 4.3074940 3.4099803 4.3142188 2.9029559 3.6098463 3.4198187 3.2010661 3.9244708 3.4173910 3.4465894 3.5495217 3.3563528 3.2332573 2.8547592 
WP_356566694.1  3.0971473 2.8289186 2.8146200 2.8807435 2.7818472 3.5649646 1.4477437 3.5158826 4.6332766 2.4369619 1.6672597 4.1777576 1.4137599 2.2264041 1.5761687 2.7290409 2.6944698 3.1236264 3.0167729 2.2630752 3.6470216 2.4376955 0.0000000 1.3387501 4.5290062 4.0167333 4.2001710 3.4890026 4.2431374 3.4058435 2.9588699 0.6890777 2.7753178 2.6413719 2.6340581 3.5888026 2.4543416 1.6135634 2.6052635 3.4943386 5.2935440 3.0955956 3.6108832 2.8868984 2.9433064 3.6524937 2.8224757 4.6976091 2.7571025 2.5448992 3.0479655 1.7240590 5.1577537 0.7088213 3.2341423 4.3128679 4.3128679 3.6047026 2.3903537 3.0386731 3.2093920 2.8833536 3.3368950 4.1155699 2.6520056 5.2066802 3.8920211 2.1686352 2.9269787 5.3725657 4.4327241 4.5120418 3.4980868 3.1195744 3.5984876 3.1431110 3.2441674 3.5846082 3.5243110 3.0228546 3.3493728 2.7858573 2.7158054 3.0900035 
WP_014137215.1  3.9353707 2.9500860 4.3460120 3.2075139 2.9312502 3.7698864 0.5276599 3.6355818 4.3398849 3.0120866 1.2904993 4.5234610 0.5809638 2.7844116 1.1380138 3.0731366 4.1287255 4.1759599 3.4330563 3.1593128 4.8129260 3.1586886 1.3387501 0.0000000 4.5592301 5.0016790 4.2252835 4.0916148 4.2554247 3.9223851 4.4504429 1.2789977 3.2033168 3.5969671 2.7316860 4.1169995 2.8046858 1.1602554 3.1132721 4.4110388 4.2562302 3.8157690 3.7363612 3.7560888 3.1729823 5.4121908 2.8205463 4.6497583 3.2856959 3.1694677 3.3188199 1.3465871 6.6258993 1.5697005 4.0293236 5.5596697 5.5596697 4.4275981 3.6274551 3.6267310 3.6236392 3.5874470 4.4683948 5.2054784 2.7224870 5.2648278 5.7314013 2.6254136 2.6193522 5.4754805 4.9357171 5.5511447 4.1124773 4.2074459 4.0152823 4.5994879 4.1204145 4.5477885 4.9515490 4.1468660 4.9155535 3.7444990 4.3317253 3.7116139 
WP_013698981.1  2.8377616 3.9605330 3.6433930 4.5805950 4.0016404 3.7436440 5.0520308 3.0087546 4.5926989 4.5273720 3.9919693 4.1587201 5.0731444 3.4545594 4.7330351 4.4303973 4.3314381 4.6416990 3.5926406 3.4607641 3.9127009 5.0406874 4.5290062 4.5592301 0.0000000 3.5259729 3.2536140 3.8886371 3.8256621 5.4543086 4.0307201 3.8161030 4.5438257 4.4943184 4.8999262 3.7130517 4.7433129 4.1318412 4.7112726 3.4002919 4.7580061 4.7357504 3.9171825 3.6202317 3.4233169 3.8710758 4.5316283 4.6301205 2.9423016 4.9882766 4.3828272 4.4566079 3.2362402 4.0965719 2.9628059 3.5368122 3.5368122 3.8262669 3.5786428 3.0389019 1.6961082 3.4410518 4.1402295 2.9321708 3.6616807 2.9921597 3.9425313 4.2586679 4.2495510 3.4215874 2.9178413 3.7923822 3.9448352 3.5814442 4.3788938 4.0293954 4.3638501 3.6544706 3.6739366 3.4973679 3.5573496 3.3876131 3.7541366 3.5058094 
GAM97029.1      3.6993636 3.0770794 2.4118790 3.6978585 3.1259340 4.6529191 4.4627765 3.1148071 3.6001548 3.3818903 4.6860268 3.9584407 5.2472976 3.2343992 4.3416907 3.7452341 3.0275676 3.6994000 4.0938480 3.9708522 3.3815493 3.4958428 4.0167333 5.0016790 3.5259729 0.0000000 2.8694130 2.9880009 3.4254161 2.9661243 2.7100783 3.7336729 4.0305993 3.5794028 3.7989091 2.0284957 3.4066386 4.9120460 3.6681192 3.4320907 3.5838319 4.3603148 4.0888630 2.8377446 4.4292962 3.1915612 3.3731949 3.9218041 2.6469349 3.6451569 4.3956403 5.0735035 3.9166737 3.5573125 2.2540605 2.5651518 2.5651518 2.9264483 2.4530271 3.4666447 2.9011776 2.4155901 2.7381701 3.0185285 3.3547991 3.0956156 2.3739445 3.2276147 3.1460858 3.1954866 3.4179312 3.6192249 2.7402249 2.3590367 2.3042857 2.5950384 3.0146716 2.4307688 3.1214660 2.6971562 3.1310996 2.2540879 2.7683500 2.7588884 
WP_165126739.1  4.0926108 3.4743831 2.6817322 3.7423303 3.3540772 3.3584153 3.9120658 3.0805532 3.1850941 3.2018227 3.6330580 3.8859345 4.5749265 4.0491800 4.0917308 3.1342644 2.9803005 3.5044143 4.0209266 4.5917783 2.6886076 3.3571647 4.2001710 4.2252835 3.2536140 2.8694130 0.0000000 4.2236960 4.0520043 4.1195811 3.4321186 4.2868532 3.0571263 3.7320041 2.9691148 3.0221340 3.9216949 4.4374151 3.2980015 3.0879710 4.1472906 3.9625471 4.2478998 2.7045119 3.9320413 3.5632108 3.3303559 4.8106039 3.5945015 3.4380875 3.8434936 4.5202057 2.9606964 4.5414301 2.9660570 2.4423264 2.4423264 2.4871695 2.7202033 2.8647748 3.2460536 2.5689881 3.2086371 3.2335243 4.1224791 4.1641508 2.2358847 3.2589226 4.3747465 3.3264390 3.3830711 3.2778559 2.4131983 2.8161079 2.4625284 3.0093995 2.6194087 2.5661130 2.8831475 2.6687978 2.8703509 2.6618359 2.5099866 3.1904924 
WP_169314249.1  3.5231637 3.2681550 3.4464790 3.9225375 3.2950829 5.5403848 3.7745457 3.9248241 3.6098882 4.5631776 3.8728120 0.9852600 4.0016761 3.3507897 4.9933593 4.5183709 4.4529906 4.7857250 5.2963207 3.6277010 4.6743697 4.9754275 3.4890026 4.0916148 3.8886371 2.9880009 4.2236960 0.0000000 0.7367728 2.8734822 5.0302163 4.7389195 4.6236392 4.9307662 4.6445342 3.7532082 4.1189012 4.3416900 4.8628353 3.5755913 1.1562782 3.3144897 5.2186882 5.0547045 5.0383265 3.3393236 3.9354166 6.3947695 3.0700931 4.9700916 3.0413676 3.6923833 4.7827233 4.4084572 3.8639408 4.8070420 4.8070420 4.3747652 3.5803035 4.4066589 2.8177459 4.3837477 4.6614449 4.3612654 3.6385224 3.5916361 2.6866397 4.0399746 3.7682070 3.5521914 3.8332810 4.7255499 4.1457230 3.9233938 5.8271878 3.6935419 3.3668681 3.7487295 4.6079367 4.3927988 4.7767018 5.0288340 3.8624660 3.6645384 
WP_423591514.1  3.3741273 4.7525114 3.3287271 4.3907715 4.8076640 7.1299569 3.5516429 4.0703325 3.5703641 4.4570979 3.3778258 1.0030266 3.8062910 3.8634763 4.5781834 4.2964206 4.4344033 4.7689495 5.1776867 4.1783610 3.6260527 4.6603455 4.2431374 4.2554247 3.8256621 3.4254161 4.0520043 0.7367728 0.0000000 2.2045934 5.2425950 4.1008866 4.8109307 4.8160567 4.7520441 3.4016298 4.0594728 4.5687210 4.5130781 3.2812700 1.3041201 3.0391005 6.5183906 4.3925991 5.0292535 3.3310210 3.9286725 5.2488130 4.5329180 4.8914574 2.5769545 4.0223509 3.8501362 3.9843335 3.8980379 4.4241816 4.4241816 4.0451261 3.3167811 4.1822339 2.9565298 4.3097410 3.8455313 3.8213173 3.6788906 3.3742168 3.1621859 4.2626368 3.8909189 3.4950722 3.4605003 4.7866512 5.3292460 4.1648832 4.2831911 3.7184149 3.2799953 2.9657456 3.9514215 5.5680124 4.3684413 4.1023669 3.7413452 3.7459864 
WP_158884788.1  3.5056668 4.2163422 3.5866588 4.9667854 4.1144762 4.7338493 3.4705540 3.9191651 4.2207943 3.6009924 3.7599800 2.9522042 3.6683466 3.4618414 4.5092475 3.6146878 3.9019484 4.2075508 4.4865503 3.4047738 3.6176277 4.0496812 3.4058435 3.9223851 5.4543086 2.9661243 4.1195811 2.8734822 2.2045934 0.0000000 4.2181205 3.7330094 4.0342455 4.1285295 3.8614903 3.8024610 4.1842696 4.3005179 3.8070515 3.0124377 2.8005411 3.9178463 4.3049267 4.1208533 4.0517209 3.9918026 3.9677120 5.1043854 3.7088550 4.4958191 3.7140268 4.0692831 4.1876542 3.5591398 3.7575758 3.9341826 3.9341826 3.8864601 3.8798778 3.6870947 4.3233303 3.3586029 4.4980406 4.7221341 4.1485986 2.8529057 3.0969574 4.1818455 4.9061635 4.9787588 3.5602262 4.3420103 3.8744354 3.3535432 4.3365347 3.3807811 3.3443845 3.1308499 4.2424587 5.9604034 3.9265806 3.2312093 3.9684776 4.8977978 
WP_343793685.1  4.6402888 3.1700646 2.2458162 3.0630530 3.1903638 4.8766149 3.6825899 3.4405371 4.4514161 4.2343611 4.1445374 5.7954768 4.0378054 4.1866771 3.8648370 4.0522736 2.8864111 3.5247072 4.8642518 3.9315246 3.5233505 4.0601045 2.9588699 4.4504429 4.0307201 2.7100783 3.4321186 5.0302163 5.2425950 4.2181205 0.0000000 2.8523967 4.4528987 4.4940244 4.1904372 3.2106195 4.2684885 4.9831011 4.1911427 3.4392142 6.1734315 3.3363504 3.7231240 2.8160828 5.1587019 3.0618830 3.9920799 4.9813298 3.6264332 4.4131618 3.3360235 4.2587173 3.1639696 3.3928565 2.7314968 2.8640822 2.8640822 3.0515214 1.9688394 3.7507519 3.0853275 2.8189213 1.7090192 3.6239088 3.5235704 3.3827252 2.9162592 3.2151001 3.7897314 3.3160857 3.3976167 3.5779146 3.8439326 2.5128330 2.6297964 3.0442250 2.3060548 3.1489793 3.2275616 2.9097177 3.2102073 2.8578258 3.2997594 1.8729843 
WP_401624291.1  2.8590470 2.2134665 3.0698346 2.3254440 2.3639948 3.1392825 1.2244706 3.6699756 4.3908799 2.9539027 1.5691578 6.0269934 1.3813227 1.9420408 1.4700257 2.9021855 3.1853276 3.5631157 3.0822672 2.4454112 3.6294373 2.8665798 0.6890777 1.2789977 3.8161030 3.7336729 4.2868532 4.7389195 4.1008866 3.7330094 2.8523967 0.0000000 2.9501875 3.1006469 2.8150398 4.6399124 2.3492870 1.5556276 3.0162101 4.0003763 6.4971249 2.9039273 3.0918354 2.5062357 3.0736302 3.8399479 2.8533196 4.2617802 2.3700027 2.9138683 2.8489976 1.5020178 5.0142087 0.6171321 3.4570706 4.1751386 4.1751386 4.1572943 2.8569213 3.4609499 3.2466355 3.7067405 3.0387799 4.0997077 2.1424858 4.5204563 4.1339461 1.7719183 2.1508763 5.2925915 5.4194113 5.2771449 3.6570067 3.2697737 3.5982113 3.3136205 3.4038877 4.0586128 3.3532154 2.9944642 3.5282471 2.7166861 3.6310930 3.2837686 
WP_388388723.1  2.9787429 2.7765888 3.4253401 3.3368748 2.6114612 3.0384337 2.9059947 3.5655449 3.1862742 0.3609174 3.8100136 5.0164319 3.0261483 3.4518941 4.5281708 0.3150139 3.9982578 3.5810394 3.6361495 3.0985499 3.6492084 0.3365989 2.7753178 3.2033168 4.5438257 4.0305993 3.0571263 4.6236392 4.8109307 4.0342455 4.4528987 2.9501875 0.0000000 0.4148203 0.2790200 3.7993738 4.9189546 4.4379902 0.3346065 3.2457766 4.3778335 3.7824636 2.8375200 3.2709432 3.4296961 3.1797741 0.3750620 5.9116290 3.5201514 0.3171719 4.1578741 3.5993751 3.9727251 3.3975210 3.2706481 3.0999909 3.0999909 4.2065615 3.2902694 3.0311348 3.4813344 3.7798369 3.9148530 3.6660025 3.2723535 4.1971697 2.9782096 2.8092121 3.7971651 4.4257737 4.4443773 3.4865399 4.3051180 2.7987566 3.4137201 3.5892359 3.1840445 3.7689050 3.2219056 3.4038949 3.4825372 3.3257359 3.5732581 2.8946674 
WP_358691235.1  2.9264170 3.1464614 3.6998222 2.9758451 2.9892893 3.5560303 3.2743730 3.8051984 3.6530671 0.4076074 3.7114889 5.3055374 3.5432729 3.6917500 4.2642065 0.4362167 3.6348458 3.4276270 3.4617628 2.9186277 3.8377812 0.3350997 2.6413719 3.5969671 4.4943184 3.5794028 3.7320041 4.9307662 4.8160567 4.1285295 4.4940244 3.1006469 0.4148203 0.0000000 0.3643662 4.2497580 4.8719630 4.0948814 0.3837090 3.0984296 4.8669668 4.4683626 3.0747487 3.2620530 3.3184866 3.1200847 0.5172222 5.6472608 3.1456097 0.3386741 4.6551605 3.5542687 3.6375528 3.2814579 2.9876620 3.3383201 3.3383201 4.0381316 3.5059357 3.1956658 3.3760311 3.7931771 3.8590637 3.6622773 2.9880852 4.2271583 3.1540485 3.1582874 3.8985053 4.4780616 4.0890982 3.5510938 4.1404457 3.0927149 3.3906075 3.5218715 3.2444253 3.7863950 3.6268513 3.3851754 3.3210665 3.1582227 3.6141498 3.0084641 
WP_356684139.1  3.2315814 3.0234836 3.6172258 3.2150294 2.9426634 2.6986188 2.8150407 3.7062970 3.4353606 0.2649777 3.4040261 5.3896195 2.7745631 3.7756769 3.9721968 0.2194741 4.0404040 3.5836005 3.5397077 2.9414101 3.4232913 0.3410109 2.6340581 2.7316860 4.8999262 3.7989091 2.9691148 4.6445342 4.7520441 3.8614903 4.1904372 2.8150398 0.2790200 0.3643662 0.0000000 3.7754363 4.7000652 3.7427311 0.2194476 3.2444942 4.3228441 4.0425380 3.0493285 3.0500232 3.4249647 3.4288790 0.2934877 5.2124617 3.4505677 0.2935331 3.9434693 3.7379906 4.1620448 3.1248320 3.1111591 2.9471356 2.9471356 3.9577876 3.3066861 3.1154477 3.7013102 3.4189855 3.7941827 3.7546148 3.0730848 4.2297849 3.1445498 2.7822093 3.4660654 4.2562951 4.5404457 3.4545345 3.9622695 3.1199892 3.6470698 3.3707347 3.5361341 3.9083026 3.3008209 3.1394731 3.9451199 3.2601663 3.4999441 3.0166921 
WP_135212790.1  3.6623219 4.2334038 2.5163080 3.6755639 4.1797312 4.3159150 3.9989860 3.2520490 3.6796906 3.8453020 4.0434863 3.7842761 4.1726650 3.0352317 4.9156997 3.7850759 3.4261186 3.9849506 3.4974569 5.3894320 3.4308800 3.9461234 3.5888026 4.1169995 3.7130517 2.0284957 3.0221340 3.7532082 3.4016298 3.8024610 3.2106195 4.6399124 3.7993738 4.2497580 3.7754363 0.0000000 3.6680257 4.9639419 3.8354326 3.1549214 3.6690687 3.5756305 3.9754394 3.6097090 3.4995937 2.9416659 3.4828221 3.6660679 3.4123858 3.7393644 3.4946874 4.9805491 3.4373548 5.3671883 2.5678097 2.5334119 2.5334119 3.1727305 2.8104358 4.1835373 3.1472657 2.7391947 2.7868816 3.4279220 3.0287853 3.2179393 2.6005627 2.4434413 3.0393607 3.4900711 3.4246570 3.6279275 2.8051461 2.3038340 2.6257337 3.2902137 3.0987603 2.5719469 2.6302858 2.5913654 3.3744915 2.3302076 2.6641731 2.6890067 
TVW02821.1      3.8238014 2.3599945 4.0165805 2.1257612 2.4650895 5.2262312 2.6798670 3.7442155 4.0854997 4.3334085 2.3260972 5.1425334 2.7695273 2.1239647 3.1886438 4.7129931 3.7702022 3.8103423 4.2058279 5.3149914 3.5300989 4.7591034 2.4543416 2.8046858 4.7433129 3.4066386 3.9216949 4.1189012 4.0594728 4.1842696 4.2684885 2.3492870 4.9189546 4.8719630 4.7000652 3.6680257 0.0000000 2.6284811 4.5639251 3.7577199 5.6240219 4.0517085 3.9763772 3.1883051 4.3855510 4.5879521 4.2504160 4.6268064 2.1211674 4.3244337 4.0326506 2.7137910 3.5873771 2.4824976 3.9974061 3.2398967 3.2398967 2.7821150 3.1348105 4.4273613 3.4954864 4.3339140 3.5446263 3.7146428 2.0373967 4.0493354 3.1097572 1.8630994 2.1314752 3.1956632 3.5054344 4.9256992 3.6362754 3.8034270 3.7277748 3.1769341 3.1872147 3.4773233 3.8851757 3.1235870 3.3973097 3.9094189 3.6563077 3.3065648 
WP_249416015.1  3.6114206 2.8310109 4.1702322 2.9128628 2.7922530 4.2969975 1.3558037 4.8017498 4.3138811 3.6642660 0.9695772 4.5339443 1.3819603 2.5368932 0.5139127 3.6816742 5.4432325 4.0740652 3.1678896 2.9223707 3.3915462 3.8360413 1.6135634 1.1602554 4.1318412 4.9120460 4.4374151 4.3416900 4.5687210 4.3005179 4.9831011 1.5556276 4.4379902 4.0948814 3.7427311 4.9639419 2.6284811 0.0000000 3.8705341 5.2784764 4.8578752 3.5898675 4.8694183 4.1723915 3.2728727 4.5979302 4.0022048 4.2986387 3.0254846 3.8942177 3.3427843 0.7701444 6.1370935 1.6571109 4.2767049 4.9524102 4.9524102 5.2167445 3.7472664 3.6277250 3.1789567 4.6095480 4.0253158 5.0121934 2.8317075 5.3605696 5.4693396 2.5207206 3.1222757 6.0021590 6.0710815 5.3870353 5.3759255 4.7737381 4.6012186 4.2786624 4.4910791 4.5058143 4.9632491 4.5332256 4.5289317 4.7564299 4.7314348 3.7474738 
WP_391368576.1  2.9364162 3.0155645 3.7765388 3.0886300 2.8969539 2.9027338 2.8361549 3.7148512 3.3076290 0.1924146 3.4715460 4.7957758 2.8698570 3.6208784 3.8437225 0.1347825 4.0704716 3.4091586 3.2561584 2.8614107 3.1821874 0.3717703 2.6052635 3.1132721 4.7112726 3.6681192 3.2980015 4.8628353 4.5130781 3.8070515 4.1911427 3.0162101 0.3346065 0.3837090 0.2194476 3.8354326 4.5639251 3.8705341 0.0000000 3.1602815 3.9515875 4.2928116 2.9784959 3.4185439 3.1391431 3.0944040 0.2681741 5.1342985 3.4837459 0.2699549 4.3731909 3.5965666 4.0344217 3.3023855 3.1072686 3.0530430 3.0530430 4.3708276 3.5593227 3.1572653 3.1630556 3.3662212 3.9520618 3.5840346 2.9155180 4.2418412 3.3072987 2.7822784 3.2644141 4.1976250 4.2616037 3.3853143 4.0987031 2.9527872 3.1930750 3.5201317 3.4062139 3.9105172 3.4306860 3.2685887 3.5682040 3.2990757 3.4090435 3.1830609 
WP_427998848.1  3.7593694 3.5035046 2.7795518 3.6847368 3.5175595 3.6975715 4.4383625 3.2537742 4.2900389 3.1955973 3.6690543 3.0676353 4.4366858 2.6637219 5.0964874 2.9179377 3.6040057 5.1296426 4.7273965 4.0070524 4.3943912 3.2765026 3.4943386 4.4110388 3.4002919 3.4320907 3.0879710 3.5755913 3.2812700 3.0124377 3.4392142 4.0003763 3.2457766 3.0984296 3.2444942 3.1549214 3.7577199 5.2784764 3.1602815 0.0000000 3.8951311 4.3771218 3.8651888 3.3895988 4.9331794 1.6717022 3.0352116 5.1549945 3.0385802 2.9950711 4.1074788 4.3238084 2.0619568 4.2897217 2.9323128 2.7499537 2.7499537 3.0954523 2.7981145 2.2999096 2.9863120 3.0571793 3.3632043 2.2891728 2.9750749 1.8423925 3.0027052 3.5787443 3.5481971 2.0405652 2.0320729 3.0315482 3.4673252 3.1385045 3.4852782 3.0725280 3.1742895 3.1195998 2.5326928 3.2395156 1.5168268 3.2228347 3.1940049 3.6030353 
WP_067586116.1  3.2390300 4.5250992 3.6571016 4.6785352 4.2865675 6.4199066 4.2671605 5.1356173 3.2986848 4.0113505 4.6222338 0.4556479 4.3840993 5.1829172 4.7537050 3.7205425 4.5584112 5.5130165 4.8885191 4.9356055 5.3054118 4.4543695 5.2935440 4.2562302 4.7580061 3.5838319 4.1472906 1.1562782 1.3041201 2.8005411 6.1734315 6.4971249 4.3778335 4.8669668 4.3228441 3.6690687 5.6240219 4.8578752 3.9515875 3.8951311 0.0000000 4.2598964 5.2977303 5.1702559 4.8557910 4.0998093 3.7250782 5.9348527 4.4900773 4.3264055 4.1385131 3.8362928 5.5144082 6.2760743 3.7711313 3.7531478 3.7531478 4.1132172 4.0781481 4.8035073 4.0804063 4.2055005 4.3368350 4.6601092 4.2779008 4.5053171 3.6184670 4.1285164 4.3695483 4.5059272 4.0320261 4.4000920 5.6565826 3.7205950 4.8326697 3.4043059 3.1634382 3.8121116 3.8045554 3.5933923 4.9118365 5.1382720 4.4192703 4.1166359 
BCM90923.1      3.2626997 3.7638880 2.8694019 3.9044102 3.5086565 3.2049050 3.9521592 3.1942218 2.0352886 4.1311945 3.1141255 3.3803332 4.0824762 3.4166211 3.5439694 4.0702667 3.0621735 2.5039163 2.3227303 3.1025438 2.6184205 3.7933947 3.0955956 3.8157690 4.7357504 4.3603148 3.9625471 3.3144897 3.0391005 3.9178463 3.3363504 2.9039273 3.7824636 4.4683626 4.0425380 3.5756305 4.0517085 3.5898675 4.2928116 4.3771218 4.2598964 0.0000000 2.9568198 2.9433353 2.2370949 3.7200831 3.5692791 3.6939719 4.0675422 4.1634758 0.3368255 3.4613595 3.9302515 3.5173539 3.3633159 3.3905991 3.3905991 2.8019078 2.9945075 3.1986938 3.3678068 3.4259916 3.9040366 3.6743348 4.1273101 3.3766720 3.1188045 2.8417990 3.9279101 3.6547905 3.6023680 3.6199092 3.2213365 3.9171556 4.2714328 3.0472784 2.8110415 3.1915006 3.1366138 3.1281818 3.6178012 2.9712184 3.2255308 3.1190965 
WP_152380782.1  3.0666146 3.8884889 3.8019446 3.7468467 3.7991322 1.7736958 3.9003318 2.9551923 2.1492480 2.7492408 3.8600184 5.0570590 3.9790105 4.9617146 4.9865272 2.9574768 2.8880958 3.4403902 2.8023657 2.2270364 3.2059970 3.1250632 3.6108832 3.7363612 3.9171825 4.0888630 4.2478998 5.2186882 6.5183906 4.3049267 3.7231240 3.0918354 2.8375200 3.0747487 3.0493285 3.9754394 3.9763772 4.8694183 2.9784959 3.8651888 5.2977303 2.9568198 0.0000000 3.4150484 2.8439945 3.9518195 2.8224707 6.4854642 3.9248769 2.9455354 3.0753472 3.8796276 4.3569742 3.2053378 2.8389951 3.7821927 3.7821927 3.2393781 3.7324218 5.1313261 3.5847519 2.8111101 4.4902286 4.2949472 3.4997504 4.0288734 3.5397301 2.9821800 4.0910563 4.5578494 4.5728159 4.7261040 2.5645732 3.4176649 4.3726997 3.3372728 2.8827775 3.2240526 3.8375646 3.6173274 3.9180084 2.6197383 2.8392801 3.4423838 
WP_279728022.1  2.8056482 3.1067148 2.3384356 2.7546577 2.9304149 2.3098948 3.6032265 3.1908636 3.8654788 3.2190435 3.2314541 5.1433448 4.0835772 2.7860840 4.4267944 3.2646758 2.9826016 3.1247924 2.8942158 3.2334220 3.8700260 3.0458985 2.8868984 3.7560888 3.6202317 2.8377446 2.7045119 5.0547045 4.3925991 4.1208533 2.8160828 2.5062357 3.2709432 3.2620530 3.0500232 3.6097090 3.1883051 4.1723915 3.4185439 3.3895988 5.1702559 2.9433353 3.4150484 0.0000000 2.6239854 3.4743791 3.1693879 3.8941616 2.7104448 3.2756739 2.6508479 4.6794958 2.9317058 2.7808142 2.3312981 2.3998906 2.3998906 2.4698803 2.4782129 3.0516613 3.0139122 2.8527964 2.8938400 3.4097250 2.9579376 3.6135740 2.4478666 2.8341196 3.3639441 4.1228311 4.0400026 3.5701433 2.6869183 2.8247092 2.7907731 2.2084096 2.6086044 3.0746715 2.9962161 2.2614402 3.1077482 2.3603662 2.8830068 2.8975980 
SDA87378.1      2.2775956 3.2252737 3.7135640 2.9189337 3.1543935 2.5128734 3.4169699 2.8598997 1.7584843 3.0235058 2.8140899 4.4657306 3.7106968 3.6428837 3.6424723 2.8871098 3.6385944 2.3177706 0.2278236 2.2815702 2.0868441 3.3892031 2.9433064 3.1729823 3.4233169 4.4292962 3.9320413 5.0383265 5.0292535 4.0517209 5.1587019 3.0736302 3.4296961 3.3184866 3.4249647 3.4995937 4.3855510 3.2728727 3.1391431 4.9331794 4.8557910 2.2370949 2.8439945 2.6239854 0.0000000 3.4114633 3.5093899 3.3480850 3.5782454 3.1266239 2.0731991 3.2213445 3.9102500 3.5900121 3.2916653 3.2411486 3.2411486 4.0394319 4.2114578 3.3101983 3.6883617 3.6193705 5.4075648 3.3449854 3.5913941 4.5137171 4.0327108 2.7659862 3.8463566 4.6842788 4.8729643 3.8285299 3.3610157 3.1570779 3.8559832 3.3676815 3.2351809 3.6161393 3.3794416 3.2251337 3.4552051 3.4945784 3.6580471 3.3701581 
WP_114134662.1  3.6272297 3.3806412 2.9343613 4.3292060 3.3297048 3.7732218 4.4822789 3.3832827 3.2696082 2.9659613 5.4366943 3.8970693 4.9694931 3.0945584 4.9186434 3.2663298 3.1455188 4.0130783 3.7372580 3.3776541 3.5022969 3.2244155 3.6524937 5.4121908 3.8710758 3.1915612 3.5632108 3.3393236 3.3310210 3.9918026 3.0618830 3.8399479 3.1797741 3.1200847 3.4288790 2.9416659 4.5879521 4.5979302 3.0944040 1.6717022 4.0998093 3.7200831 3.9518195 3.4743791 3.4114633 0.0000000 2.8152102 4.2294243 3.3009696 3.2964789 3.7779710 5.0207572 1.4978872 4.4724025 2.3886977 3.1916623 3.1916623 3.2884381 2.8090780 2.4967866 3.0388366 3.0162090 3.7870844 2.2968988 3.2431547 2.0599079 3.2641524 2.8613323 3.5156162 2.0063412 1.8638081 3.0591120 3.5170313 3.0447915 2.8665995 3.1403482 2.4917637 2.6380774 3.2103946 3.1345461 1.6167757 2.7578967 3.2487229 2.8685748 
